3335 3336 3337 3338 3339 3799 3800
4476 13853 26795 27406 30071 36101 36102
6553 11295 14267 20356 23484 30956
745 1968 2730 2880 4482 6919 7568 9260 9389 13254 16646 19598 21089 22161 36179 36180
8381 18894 34254 34255 35313 35314
2446 8752 9344 10004 10344 10345 11600 11710 11902
6591 8237 10822 15389 18136 22195 26201
6209 6947 6949 6955 9552 10324 10673 10686 10847
1574 3869 5329 12970 13210 15656 15657 16679
21160 21161 21269 21270 21271 21272 22367 22368 22775
2878 3058 6870 8002 10164 10929 18258 22979 24734 26077 26730 27241 27242 27243
1309 4654 19651 30281 31965 31966
9405 25004 30405 30406 30407 31291 31724 36354
6556 13212 23945 24505 24854 24855 26155
11265 34401 35112 35113 35114 35419
8135 8322 8323 8324 8325 8326 8660 8661
9609 30924 30925 31824 32679 32680 32681 33750 33751
493 4486 21281 21313 22924 23422 31657 35131
5230 8314 21745 21746 21747 23132 27052 27053
7389 28170 28268 28269 28270 28271
1487 4877 8605 12849 18598 23241 25871 30431
5901 6401 6438 6439 8456 8542
17209 17210 17211 17212 17296 19275 19326 19327 19328
11433 14329 16406 31852 32693 32694 32695 32696 32778 32779 33883 34822 35161
1098 4236 6231 14071 14792 15139 19852 22391 23257 25766 27323 30519 34533 34534 35382 35457
5152 5154 5155 7921 9536 12066 15754 16795 20006 20007 22952 24993 24994 26069
17366 17367 18059 21809 24305 24956 29369
11031 11032 11033 11034 11124 11742 11743 24166 24167 24168
2062 3305 6813 8675 9659 9927 14341 14361 14362 16134 18226 19105 32399 34384
12792 13068 15135 15136 15518 19443 20083 22091 22477 23517 25098 26684 27097 27404 32638 34844
5372 6793 10949 11974 12251 12252 12253 17008 17009
7253 14212 15780 22479 25101 28700 30926 30927 31649
4478 19305 20395 24588 32607 32608 32609 32613 32614 32615
8908 12044 17486 18027 18028 18719
1276 10317 10318 10319 10745 10746 10747 10748 13065 13158 13379 13489
8342 29412 29413 29414 29415 29416 29417 30479 30480 30481
19608 19867 20954 24389 24390 27401 28407 28559
2609 11255 16657 22677 26488 26489 26490 26491 28108 28473
1008 2041 2042 2239 2240 2242
506 1218 9698 12848 20655 25047 29318 30869
7503 15739 17334 17379 22482 24196 24805
4993 5628 18302 18370 18420 19897 21352 22895 22896 23031 23032 23033 34776 34840
7036 21822 24514 27176 27177 27333
19762 19828 20921 21380 21381 23286
9498 13387 13805 19975 19976 20023 20024
10280 16499 19432 19433 21674 23523
18996 30761 30762 30763 31086 34311
9075 9077 9341 11999 12144 12145 12922 14963 21174 21329
4648 4989 5167 5168 6943 7107
25606 25607 25619 26643 29358 29359 31483
22459 35908 35909 35910 35911 36708
23288 24318 24319 24320 24321 25910
5924 16802 19796 23022 23573 26149 26246 28186
2552 16010 16412 16786 16787 16788
15203 23801 29766 34106 34107 34108 34176 34177 34971 35412
281 1491 5126 9368 12825 24656
7612 7633 7634 7635 7636 7637
6190 16935 22172 26062 31062 34654 35269
6440 16955 18682 18865 18987 23926
4670 11624 18833 19913 20180 23810 25614 27389 27390 28525 30673 32470 32612 34768 35060
6502 21206 21207 26372 26387 27054 28243
13862 16552 22879 23283 30113 30114 30115 31535
420 5510 13211 13764 13765 13766 13767 16279 16280 16299 16300 18738 22776
11213 11809 20384 20385 22585 22586
2701 18249 30436 31177 31604 31634 31635 31636
4360 14403 16064 16207 21669 25962 32948
255 7194 15861 16315 24264 25144 25145 25146 26198
8530 16402 18971 21012 23508 30430
8364 8660 19567 29927 29928 29929 31870 32150 34194
7460 7550 11058 11059 18458 18945 21331 25776 26942 33853 33854
10351 11335 20106 32223 32247 32248 34093
19221 22743 23892 23893 28814 28911
1144 1205 1555 2809 4578 7881 10479 10480 10481 10482
21974 28732 33392 33393 33394 33989 33990
13066 23642 25175 25176 25193 25194
2585 5093 5094 5095 5096 5097 5098
21115 23329 27702 28160 33800 33801 33802 35453
436 1166 5564 6030 6031 6091 6147 6298 10706 10707 34956
2308 7130 12197 18685 22528 25164 25569 25961 26247
6648 13059 13060 13061 13062 13163 13164 13165 13302 15278 15279
943 944 5039 7759 8647 8823 16608 36819
29228 29229 29230 29231 31465 31466 31794 31850
8128 9078 19339 20145 20787 24040 30382 35746 35747
1941 28612 34242 34243 34244 34245 34246 34247 35316
531 10278 12587 18236 18970 32385
3310 12774 13323 26863 26864 26865
1539 17849 35572 35639 35640 35641 35642
829 12414 17228 18841 20253 31111
5116 13141 15762 18897 24261 28343 36035 36036 36478
7104 22909 28399 29619 29620 29621 29622
17138 25919 25981 26174 29571 35651
24881 30450 30451 31264 31265 35147
6391 8733 11407 15265 17511 21444 21445 21769 23770 24130 24224 24225
1428 3380 3381 3382 3383 3384
22496 24124 31764 31765 31994 33884
2638 4245 4618 16752 30108 30109 31995
8203 9146 11614 21785 32921 33269 33270 34484 36781
22463 31494 34146 34147 35435 35436
637 18054 19511 25726 29501 29502 29503 31378
12670 16968 22420 22421 22422 23667 25062 25418 25665 25810 26064 26073
9539 9540 22958 30502 30845 30846
8374 8375 8376 8377 8378 13595 14860 14861
27405 29348 29349 29350 29351 29352
2091 7557 15429 15430 16683 16762 16897 18142 21521 21522 21523 21524 22495
28054 28115 28116 33602 34410 34411 35214
2487 4330 8874 27441 27442 27443
15422 21188 28880 33214 33215 35216
8898 9722 19847 27459 28729 30523 33030 33031 33032 33754 34013 34248 34249
8413 17059 17060 17061 17062 20327 24863 24864 30683
5406 6590 10943 14323 14324 14557 14910 15684 18863 20851 24763
4995 16725 30452 30453 31447 33443 33444
9016 10096 10097 16995 17187 22288 23663 25056 30057 30298
8361 9207 12527 12701 32573 32574 32575 33535 34170 35015 36579 36580 36581 36597
4343 17695 34704 35294 35455 36833
16837 18295 20626 21071 33193 33194 34909
10370 18435 31455 34213 34733 34966 34967 35454
4726 17132 34209 34210 36054 36055 36056 36417 36418
131 3613 8147 8148 8150 8151 8152 8153 8460 15465
2578 13357 24702 25198 27514 30984 30985 34190
9540 15792 28635 30846 36647 36648 36675
4257 14385 20515 21131 21132 25224 26228
11409 16084 21770 23115 24304 24902 25044 25045 25485 26185 28793 30056 31283 31284
8512 10770 10771 11368 11369 11370
339 26292 26293 26294 26411 26412 26413
25345 29077 29079 32174 32176 32216 32217 36520 36521 36813
8056 20101 20102 20103 20104 20962
6393 9660 10190 10865 15399 15554 15556 20075
3421 9798 17559 33112 33113 33114 33115 33721
25784 26044 26045 32125 34456 34457 35264
23189 23997 23998 25129 25130 25131
15958 24078 27245 27246 27955 27956
12555 27752 27753 27863 27864 27865
1845 1846 1983 2037 2365 2366
3758 12280 12281 12611 12612 13371 15847
184 6507 10906 20712 20713 31979
2796 2797 3072 3142 3975 4155 4732 4916 4918
197 198 518 537 798 799 800 963
2454 7539 8187 22137 22138 29900 32977 32978 33682
739 4362 6478 14719 25314 26175 31190 31191
9795 9912 18406 19484 27048 27049 27050 27814 33098 33334
18801 29797 29798 29799 29800 29801
4131 8597 8945 21296 22672 22673 25294 25295 25738
11046 26946 27787 34101 34102 34103
8983 22352 29675 29676 29677 31756
3472 5904 13997 14148 16997 17919 18339 18340
5105 5107 5436 11920 13673 14952 15124 19042 20711 26381 26382 29176 29177 30967
28168 28691 28827 28945 28946 29054
4135 7125 8541 14043 22151 22152 22153 22714 23373
10903 10904 14248 14249 20121 24340
766 2407 5931 5932 5933 5934 5935 5962 5963 6499 6638 7087 7088 7089
873 6286 14223 14643 14644 18796 23353 27729 29918 29919 29920 29921 30900
5353 22021 22779 22780 22781 23501
1963 33982 33983 33984 33985 34797 34982 34983
10200 10282 17987 17988 17989 17990 18383 18543 20467 31591 33094
9934 10227 13410 18880 18881 25298 25299 25300 25301 25942 25963 26100 34378 35095 35350
2877 14559 30277 36044 36045 36046
3079 18882 24018 27276 27277 27278 27279 27289 27297 27605 28585
1084 9747 9748 9749 9750 9751 9752 10071
15600 27065 27066 27067 27068 28181 33587
12077 20579 32593 32594 32595 32596 32597 34018
22189 25097 26532 26533 32434 32435
24289 24290 24291 24292 24293 25599 25600 25601
5922 23829 23830 23831 23931 23932
15950 15951 15952 15953 15954 16140 16141 16142
10960 21472 26689 26690 27023 27024 31293 31300
1705 11609 19458 23442 23776 29938 29939
8269 10621 10622 10623 10624 10670 10671 11012 11514 11598 11612 11613 11841
20622 36422 36515 36516 36906 36980 36981
9318 16926 18097 19466 21124 23402 24309 25334 27943 28157 28466 34214 34692 35345 36933
6976 34535 34536 34537 34538 34539
16353 24227 24365 24366 24367 24559 26005
568 1989 14867 17605 17606 17607 17608 18384 28197 35275
8531 15054 15055 15056 15057 15903
6653 8004 15712 35932 36167 36226
4142 15776 16305 16474 16475 16476
6956 15500 22938 29970 30745 31245 31246 31247 31645
165 4134 4193 4801 4802 4803
5088 11434 21636 26224 26225 26226
146 343 1012 15688 15690 15691 15692 15693 18772 18773 22712 26671 32063 35654
121 1161 5362 15176 20619 21516 21830 22025 22026
592 8255 8256 13719 13732 19017
27 703 2438 2439 2440 2441 2442 2443 2444 3394
4631 30457 30458 30459 30460 30515
143 10297 16097 17285 29691 30715 32028 36212 36920
2133 7821 17329 17635 17636 17637
17071 18784 18887 18888 23757 23758
5642 20914 28614 32762 34291 34599 34791 34792 34794
8651 18376 18377 19360 19361 36745 36746 36747
9544 15816 15892 16021 16227 16228 16229 16230
8262 8982 8983 8984 9340 9501 9971 12071
24132 24133 24134 24635 24636 25173 25174 25413
8100 8101 8102 8207 9420 10898
417 444 499 1092 1143 1718 1719 1720 1811 1972
5024 7279 15199 15200 15509 15510
21589 33725 33726 33727 33728 34863 35347
14078 19887 25379 27480 27628 27682 28417 28418
12388 13369 13938 14229 14581 26218 34594 34595
1009 4423 29104 29105 30411 32071
178 8445 8760 8761 9301 9302 9303
19726 19727 20708 25082 27803 27992 28986 29278 30535 30747 30748 31772
6198 25390 28213 36543 36544 36545
18112 21488 21623 21624 21625 21626 21627
13658 15318 15319 15320 15321 16656
20729 30533 32032 33503 33838 35263 36207 36208 36209 37017
9823 10225 11750 20848 20849 20850
8128 12527 19330 20236 25234 29450 29451 29630 29631 30717 30718 31453 31537
17638 18802 20988 24563 24564 25068
8792 10511 27358 28274 28372 28373 28375
11284 11285 11286 11485 11486 11487 11862
1482 2040 15969 20475 21060 24838 26695 28909
2008 3562 18265 20170 20171 20172
12265 17413 26561 31639 31840 34601
2882 15487 24463 26130 26234 27283 27284 27285 27286 27291 32031
13128 17901 17902 17903 17904 18751
182 488 2068 4977 8805 8822 18356 18716 25885
27069 28254 28528 30028 30029 30031 30171 30172
3920 9842 9874 16740 16986 18907 19851 20419 20524 22238 22239 22241
6635 23923 23924 24088 24355 24356 24359
10724 12291 20670 21763 27074 29979 30032 30033 30034 30035 31879
12427 12451 12452 27451 36153 36154
8121 8888 8889 8890 8891 10134 12918 12919
730 6171 6269 6552 16710 24057 28638 30783
11250 11251 11535 11639 16641 25703
1525 8138 11128 18325 28592 29642 29643 29644 29645 29646 29647 31731
21814 21817 30003 30143 31798 31799 33242 35958
8968 14606 26714 26715 27238 28877 28878 31658 31659
6541 23863 28314 31360 31847 32538 32539 32540 32541
1771 12084 12085 12915 13055 13345 14022 18156 18157 18158 18159 18160 18257 20956 22583 25107
3753 15113 15114 15115 15116 15117 15118 15119 15120 15121
15504 16080 16920 27481 27482 30789 31121
4993 6355 6715 18302 18370 19146 19897 19898 20791
4772 10080 23371 30791 31887 32824 32825 32826 32827
4467 6854 19794 34959 34960 35291
26664 26806 26807 26808 27521 34997 34998
5836 5837 5838 5839 6111 6600
10553 23593 30898 32165 35511 35751
5707 9169 9170 9171 9172 9173
3134 5880 8834 11997 14564 16609 21287 30870 31809
236 245 246 247 248 249
1948 8795 10256 10400 10401 11002 11281 16438 16677
97 3751 10986 10987 12380 12381 16630 16764
16450 18531 18532 18603 20337 20629 20630 20631 22684 22685 22686 22696 25703 31574 31584 31585
6434 9012 19299 19300 27588 30539 30541 30542 30911 31445 31846
4352 5660 6807 12159 13803 24756 26090 26091 31838 32957
6222 15529 23640 23641 23678 23679 24513 27332
16432 26898 26899 26900 26901 26902 26903
1894 6581 6623 10540 10541 10542
6096 10382 10861 23707 27383 27384 29540 30354 30355 35130
8923 11970 29212 34322 34323 34324 34325
8600 18415 18484 19696 21981 22708 23000 23578
2507 9403 21681 30562 36126 36851 36855
19038 21800 22308 22309 23395 23396 25370 27550 27718 27719 27720 27721 27722
6320 8975 10384 10385 12290 12322 13861 14008 15553 16420 17028 17873 18398 18902 21993 21994
2302 2344 2345 2346 2347 3357 3683 3722
21415 23852 23868 32515 32516 32517
5682 6557 18076 18748 28734 32923 32924 34212 35823 36189 36573
15882 15883 16390 27860 30388 30814
3879 8201 8202 13445 15935 16238 16239
12873 17765 24456 25346 29056 32008 35418 35497
4882 8499 8500 8858 14274 14275 14276
27794 27795 27796 27797 27798 28338 28414 28415 28416 29030 29031
2167 11232 20276 23756 24860 24861 24862
5086 5279 13927 13928 13929 18874 18875 18876 18972
2393 5458 6127 14482 15273 15274 16041 16043 18163 21836 22584
2008 3562 11097 12522 20171 21883 21884 21965 22223 22628 23964
1322 11940 27606 27607 28524 28969
12090 12091 12154 12155 12156 24033 24034 24035 26565 26566 26567 26568
12446 13923 13924 13925 15501 15503 15504 16080 16081 16920 17563 19632 24477
726 9605 18917 28746 28747 28889 30412 36815
2967 3428 3429 4995 5721 8769 9715 10153 10180 11287 12699 15955 18040
9717 21338 21339 21340 21341 21342
11062 16741 22015 22016 22017 22429 22430
4904 5244 7009 7011 11567 12357 12358 14218 17546 17547 18399
7567 8407 20638 21082 25454 26066
25155 25156 25157 25158 25159 26257
584 2324 4042 6003 6108 6173 6174 6206
17209 17210 17211 17212 17296 18591 19326 19327 23596 27061 31750 34714
15997 23349 26687 32058 36279 36481
887 888 889 890 891 976
2500 3621 5936 12275 24272 26697 28768 28813
12931 16489 16938 22798 25350 25761
17816 31239 33065 33373 35377 35861 36535 36663 37005 37008
795 13362 14281 14469 16464 16775 18548 18622 24112 27491 28401 31348
4342 15536 16231 16232 16409 16410
106 858 5790 8316 9872 9873 15920 16468 27896 27897 28227 34771
18468 22855 22859 26778 31511 31512
535 1170 2780 10388 16205 18733 19430 29265 29266 29267
6391 8733 12007 15122 15265 17080 20425 21444 21445 23770 36593
26427 26428 26429 26430 26431 26432 26792
1711 15560 24828 30774 33976 34017
9350 15809 30693 30694 30695 33541 33542 33543 33914
23984 23985 23986 23987 23988 26004
1341 3084 4925 5264 5265 5266 34580 35012 36923
2458 9877 10026 10027 34850 36669 36670
2091 18139 18140 18141 18142 18143 18183
31215 31681 31682 31683 31684 31685
7986 9788 14948 26896 26897 27453
11986 32226 32227 33856 33857 33858 33859 34483 35220 35221
14767 35602 35603 35604 36333 36854
6239 6240 6241 6242 7996 8308 8309 8603 8604 8817
896 1562 4000 4152 4153 4154
14175 14176 14177 14178 14179 14180 14181 14182 14183
501 4992 5257 7831 12021 12065 12148 17497 19135 19136 19137 19169 19568
2703 2860 3040 3180 3181 3182
23843 25348 27460 32265 32266 32267 32279 32280 32281 32282 34239 34240 34448
3969 10777 10778 13870 13871 14726
30584 32051 32052 32053 32054 32055
14199 22248 25011 30674 30675 33867
15187 15189 15190 15191 15192 15197 15198 16573 17763
23559 25699 25700 25745 26233 28582
28334 28720 28721 29018 31250 31251 32064 32143
5576 15345 28664 28665 36128 36129 36130
23655 23656 23657 23658 23659 24316
2924 14985 17049 17050 27593 28276 33644 34613
749 750 751 754 780 785
3279 5699 9122 9374 9670 20740 33767 33768 33769 33770
5401 5637 8291 10993 10994 10995
4582 4584 10412 15789 16037 19114 19115 19116 20230
14954 15698 16718 24628 28743 29190
1534 2750 2985 5788 6423 7430 7431
5694 6602 6603 9626 13077 20605 30432 31871
23298 23299 25734 25735 25767 25950 25951
5166 13340 16323 27767 32653 32705 32706 33921
15539 17277 24530 24531 25093 25094
3055 27400 28285 28382 28383 28384
2846 26856 27196 27197 27345 27346
5766 7735 8006 9313 16654 17519 18952 19623 20533 21120 25793 25926 26141 26941 28245
1376 12723 12724 13228 13229 17052 17053 23466 27983 27984 27985 27986 27987
4290 8506 12138 12139 12140 12141 12532 12533 12534 13249 14512 25018 31820
35789 35790 35883 35884 35885 35886 35887
1757 1758 2236 16208 16559 29291 29292 29895 29896 31746
13473 16418 22552 22553 23560 25452
15437 29051 29756 30821 31470 34030 34651 34848 34975 34976 35245
4740 4741 4742 4743 4744 4745 4746 5504 9092 9093 9094 9705 14364 14365
25138 25488 25489 25490 25491 25492 25493
11519 20511 22532 26237 31029 31393 34228 34346 34347
15128 15565 15566 19719 24578 24579
2203 29579 29580 30749 30750 30751 35715 35716
18326 18327 18328 18329 18330 18333 18334 21776
13330 15032 23887 33459 34827 34902 35332 36383 36384 36899
268 301 302 311 312 956 1567
18277 26129 31622 33129 33130 36838
1985 6569 7170 8307 9423 9979 11047 11048 11623 15909 15980 16613 16922 21356 30476
19776 19778 28487 28671 28798 28864 29028
10208 10825 22379 24479 25208 27543 27544 27600 27601 28036 28037
1244 18963 20016 20017 20018 23256
16173 27531 29687 29688 29689 33045 33046
7800 15284 18916 21487 27526 35461 35481 36089 36171 36172 36327 36759 36881 36884 36885
8816 31159 31160 31161 31162 31803 31804
12386 17771 31284 33433 33434 33435 33436 33437 33738 34173 35255
13035 15994 23181 23415 29749 29750 31849
5574 9886 14538 16377 20010 20011 21286 22351 22821 22964 22965
14340 20415 24303 25486 25568 28391 29411 33610 36230
572 14382 15699 30558 30559 30560
18439 18440 18441 22931 28069 28070
10533 21169 21170 21171 21172 21173 29134
11489 13028 18920 23380 26547 36469 36470 36664 36665 36668
8562 8647 34356 34357 34358 34855
2480 10727 15496 17619 20700 20702 35972 35976 36027 36064 36067 36068
2663 25057 30891 36315 36749 36750 36751 36772
292 4289 15536 19154 20836 21081
27163 27883 27884 28432 30838 34042
26085 31499 33592 33593 34040 34790
12568 12764 14016 14273 15573 15795 15796 19932
14492 25241 25242 25243 25296 25297
11179 14798 18974 24816 29039 30529 30705 31008 31009 34425 35240 35445
9851 20405 22641 36390 36391 36483 36484 36485
10229 31524 31525 31526 31570 31571 31572 32094
7698 13734 19807 23603 25437 27577 29678 29679 29680
14347 14348 14349 14350 14368 14369 14370
18727 18728 20835 25955 25956 26202
2165 25463 29684 29685 29779 29780 31623 31624 32371 32372 32373 32374 32809 33879 33880 33881
16908 26209 36973 36974 36975 36986 36991
14580 14971 23002 23075 23076 23314
1723 6301 20214 20215 22564 31055 31056 31057
1730 4421 4646 18079 23623 23647 23648 23649 23650 23651
89 90 91 92 93 3964
14553 27090 30974 30975 30976 31075
17112 23805 32204 32464 32465 32466
525 3774 6083 8713 13430 19314 19315 19316 19317 19864 19865 20054 26464
2765 3543 4902 7174 7175 7496 7497 7498 9108
1500 1501 1502 1503 1625 1666
9804 20455 21597 22980 22981 23011 24127
3803 4374 8849 10854 11878 12064 14798 16068 21886 25573 25928 30161 32290 32291 32292 34653
20164 24363 28847 33240 33241 35034 35150
13881 21154 21155 21156 21157 21158
5785 35085 35086 35159 35289 35410 36158 36159
20837 28330 33258 33259 33260 33261 33262 33263
2175 2269 2532 2533 2649 2677 2720 2786
4944 5652 6374 7276 7277 9762 11478 15873 15875 22674 22675
5632 10024 16512 17226 18620 20383 23294 25974 27997 27999 29260 31135
14908 24810 24811 27527 27679 33777 36527
25606 25607 26642 29358 29359 31483 32444 35611
14533 18660 19340 20790 30816 31768 32339 35050 35064
12746 12750 13472 27444 28893 28894
7566 14286 14701 14859 17576 18094 19255 23536
4971 10684 21323 27016 27025 28327 28359
1812 3288 3289 3290 3291 3503 6933 6934 6935 6936 6937 6938
5296 5639 30828 30829 31704 35378
8518 8525 9013 9571 10019 10139 14525 20408 20566 25625 28440 30817 31718 31719 31720 36783
7976 26830 29733 32602 32603 34501 35074 35276 35532 36372 36373 36374
12425 26945 27369 27370 27371 27372 27374 27375 29033
10632 10633 11756 11761 12337 16070 21727 22448 22449 26919 26920 27191 28850 28881
8640 14820 29649 29650 31258 31259 31693
2296 15688 15689 15690 15691 15692 15693 24764 24765
229 644 4327 11916 12303 12541 12923 16979 16980 18010 18011 18012 18013 18014 18015 18016
13173 23607 23608 23609 23610 23611 23612 23613 23634 23635 23636 23637
713 3240 5111 5112 5113 5114
7301 7336 15775 16391 18255 23355
9840 11226 12688 13428 20231 22874 25545 25546 25547 31856
8845 12466 24851 25154 27995 28219 29891 29892 33441 33442 33734 34215 34587 34588
7289 25407 32366 34359 34360 34361
12789 23042 23235 23236 23237 23566
2089 13824 17712 26821 27670 28998
7231 7232 7233 7234 7235 7236
3099 6567 6594 6711 22762 22763
3704 30915 31606 31607 31801 31802
14802 28644 28645 34556 34828 36774
2222 22970 25729 26169 31609 31610 32840 32841 35303 36717
552 553 612 682 683 684 685 686
7627 8397 28049 28050 28051 28052
5277 13921 16822 17461 21915 30046 34683 35913 35914 35915 35916
16016 17398 17399 24232 32933 32934 33265 33668 35635 35636 35637
2980 3055 5888 5920 7899 8592 8837 8953 12009 12010 12012 12517
3064 9110 27240 28409 29747 29748 31460
2175 12089 15059 17888 17892 23580 23581 26599 26600 27328 27847 27848
7099 7100 7101 20870 25864 26267
1216 1969 1970 2215 2605 5756 11233 12435 12436 12817 12818 12823
24047 24048 24049 30690 30691 31498
21629 24363 29447 29448 29452 29453
4710 7001 25644 35032 35438 36186
7841 14214 17215 20141 25257 25258 25773
7982 16162 20362 20756 20757 21704 23086 24245 25982 26261
23025 23854 26086 26087 26088 26266
14921 16917 31650 32173 34544 34545
6701 25900 28458 28641 28642 28643 28903
7739 23093 23463 31672 32036 32037
10705 10912 15464 17371 19641 33077
14832 22994 33788 33789 33790 36536
10535 10536 10570 10571 10895 10910
7188 30111 30112 30905 31592 31983
948 949 950 951 1414 1415
3123 3691 4929 5046 6747 21499 23092
328 24310 24311 24327 24328 24329
9285 18349 18350 25434 26033 26034 27199 30631 30632
2385 7230 7561 12663 13191 15916 20096 20097 22414 23035 23036 23077 23163 23164 34277 34278
3569 33132 33499 33500 33501 34468 34469 34698 35339 35340
13982 19118 24591 24595 24599 24600 24601 27422
6896 8258 13827 26278 26847 26848 28019 28692 28693 32187 35544 36858
18145 21372 22439 22440 22573 22574 22575
15677 16405 24413 27614 33329 33330 33331 33618
374 4536 4537 4538 5224 5225
17622 17623 18189 20019 20020 20021 20022 20821
4350 34450 34451 34452 34453 34454
6849 15106 15239 15919 16990 18106 23910 35149
27365 31919 32111 35355 35356 35496
28386 32927 32928 32929 35285 35624 35625 35820
7971 7972 8356 8828 9083 13516 13517 14234 14235 24070 32777
23107 24639 29977 30036 30037 30607
15601 21853 30179 30418 33297 33298 33299
13301 15404 15405 16213 16240 16241 16699 16700
1254 13661 22265 23197 24941 29210 29211 30752 30954 31647 31660
28376 31404 31424 31957 31958 31959
3453 5749 6479 6540 7244 7552 7571
21266 21267 21371 21470 22772 23832 23833
6482 15247 16778 17942 17943 18185 20134 20135 21324 21567 21568 22163 24957 25041
3199 3208 3210 3809 3810 3811 5602 5603 5604 5820
8238 17820 17823 26859 26861 26862 27709 30635
9663 11767 17718 17719 22538 22802 23894 23895 23896
10158 15317 22201 22202 29418 29419 29913
14946 23187 29826 29827 29828 29829 29830 29831
5208 6677 7407 16804 25213 26964 28545 29883 29897 29898 32068 32939 32945
8115 28133 30589 30590 30591 30592
5241 5242 5450 5451 5452 5453 5516 5519 5712
1656 16538 20438 20749 20750 20751
10810 11082 14011 14172 14173 14534
730 6170 6171 6269 13299 15440 15977 17964 24804 30601
26702 26705 26706 26708 26710 28766
9550 25469 30916 30917 31614 31934
4202 16194 22509 29461 29462 30166 30167 30168 30169
15214 15215 25393 27102 29662 36289
590 9563 9564 9565 9566 9567
27381 27973 28841 28860 29426 29427 30352 30353 31993
8330 25085 28908 30904 34130 35165
3347 14761 23778 23779 23780 23781 23782 29914 31023 31024 31984
5546 9544 15816 16021 16230 17831 35687 36359
1454 28961 28962 31631 31632 31633
8004 15712 17806 19857 19858 19859
2047 3640 9784 11951 11952 16381
1930 12913 16050 17292 27690 29718 30611 31713 31714 32081 32219 32220 32221 32789
7383 12516 26388 26389 26390 26391 26392 26393
15746 19816 19817 24743 24744 24745
9870 10265 16387 34025 34764 34765
7688 8573 8832 8946 8947 9740
1217 4531 4532 4533 10681 11547
22106 23599 25682 25947 25948 26035
4380 11272 13179 13180 13181 13182 13183 16685 16686 16806 18246
8194 8521 8662 8663 8665 9400 9635 13099 14476 15695 16584 23054 23055
25244 34267 35038 35039 35308 36316 36317 36336 36337
1895 1896 5606 13923 15913 19629 20391 24260 24470 24476 25274 30256 30257
1925 12169 20909 25914 26734 26735 27080 27081 27082 27083 27492
39 15746 19816 24743 24744 24745 30516 30517
2870 12294 12295 12298 15384 15385 15386
21184 21185 21186 21187 21188 21189 21190 21191 21192 21193 21194
19198 19199 19200 19201 20341 23643 23644
5435 7903 7904 7905 7906 7907 7908 8633
2849 3229 3315 3316 5213 5214 5215 5216 6109
24924 29693 29696 32427 32428 35456
4529 9069 10503 22080 22184 24222 30454
9050 21548 26558 27565 27566 30703
19565 30665 30666 30667 30668 30669 32362 33116 33117
54 1040 1041 1042 1043 1044
7011 24446 33366 34437 34438 35364
24406 31010 31011 33702 33703 33704 34424
17816 31239 31241 33065 33362 35326 35377 35861 35862 36572 36951
854 4065 14225 14419 14742 22400 23005 23551 25026 25028 25029 25030 25031 25032
21841 33808 33809 34906 34924 35210
16960 16961 16962 16963 17238 17826 21515
7416 20734 31500 31501 31502 33810 34668
14478 28282 32505 32506 32507 32508 32509 32510 32511 32512
13144 14688 14856 16585 16785 18029 18892
2800 2802 7835 7836 7837 7838 11700 11703 11704 11705
475 3365 4311 14529 15407 27173 27174
7055 19125 25842 25881 26554 27825 27826
428 9336 9492 14582 16153 16558 17332 19166 19167 19168 19856 20262 20343 20344
28605 28606 28607 28817 32192 32193 32194 35219
4793 14025 24900 36693 36856 36913
13109 16310 20398 20662 20663 20666 24920 24921 25355 25382 25514 25515 28475 31228 31619
6784 11469 11721 23674 23675 23676 23677 25424 25425 26955
3594 27496 27937 27938 27939 28272
758 3630 31371 31833 31834 32113
2922 3872 7004 11891 13616 13617
16973 16974 16975 18307 25421 25813
9228 17000 18393 18394 22330 24571 25136 26374 27399 29514 34489
1016 2866 10833 10877 21791 21792 23382 23699 26446
2588 15224 25189 25229 26071 26435 28599 28842 29012 31044
8928 8929 8931 11501 11591 11923 11924 11925 11926 11927 13583
13627 20063 20064 20065 22382 25613 28386 29651 32927 32929 35821 36348 36349
7046 7047 7048 7313 7427 7428
2939 2940 2941 2942 2943 3127
19183 21195 21196 21197 21198 22266 23400 23502 26569
11942 19952 19953 19954 22129 30347 34605 35186
16953 18465 18612 24587 33772 33773
12291 21893 30222 30223 32135 32136 33354
7849 19053 32304 32305 32307 32308
670 712 11297 12056 15076 19192 19193 20748 20754
965 4081 15866 24807 24808 24809 25074 25075
3671 7149 8641 9734 9735 11594 11595 11596
12257 16289 16290 16614 28297 34606 34607
7467 7789 8136 9138 9505 9506 11315 12440 13160 13169
4219 18124 18493 18494 18632 18633
5511 10081 16906 26817 28802 28994 29029
21715 21847 25072 27206 30050 30163 33060
4853 26854 28003 28005 28708 32859 32860 36547 36657
4383 12481 12482 12483 12484 12887 14465 14624 14625 16516
8513 14554 29992 29993 31032 31033 31034 31104 31423
7413 25786 36032 36324 36525 36526
4675 20424 35792 35793 35794 36896
13832 15726 16554 17761 23219 23220 25586 28396 34152 34153
13193 24283 24313 24314 24315 26000
3154 6244 9438 9575 9576 9577 9903
894 1566 2335 2449 4329 5066
1220 12944 17182 30537 30538 31336
16461 23496 26125 28972 30264 31586 31587 32013
14030 15708 17984 17985 24728 33654 33655 33656
4282 16108 16109 16110 16622 16623
11689 12838 13267 15013 20682 32408 35036 35037 35351 35352 35353
16855 20209 20553 31054 34420 34471
12689 29152 29153 29154 29155 29156 29157 29158 31113
11552 23456 28494 28495 28773 31843
262 1297 2869 3624 8442 10376 15412 15589 15590 18170 18839
16337 21150 21151 22954 22955 22956 22957 23038 23391 23535
5739 12278 12625 17434 20173 20175 21070 25536 25896 26239 31205 31311 32154
6255 20935 30901 32617 32991 32992
12286 16428 17002 17384 19441 21676 22920 22929 23281 26916 28957
10892 12942 21200 21201 21202 21203 22031 22032 22033 22262 22739
3286 4897 19418 26742 26743 26744 26745
1704 26575 26578 26579 26580 33067 33068
1882 7864 22030 23538 24137 24138 24139 24140
4189 5700 7681 9409 12322 15336 16420 19249 20918 24637
10313 13509 23904 26268 26269 26270 26272 26273
1848 9295 13664 14118 17178 18652 23946 23947
3865 32377 32378 32951 32952 32953
9252 27549 28413 32430 33544 35223
7261 16521 20049 20788 23192 29617 35052
7627 8397 28049 28050 28051 28052
16173 17283 22098 27531 29687 29688 29689 29690
10102 12336 21933 22407 36553 36799 36908
4595 7257 9620 15619 15869 15870 17628
11278 21326 27001 27002 28126 28502
29520 29521 30074 31975 32327 33168 33169 33170 33171 34044 34758 34770 34773
8052 12916 13840 13841 13842 13843 14291 17081 17082
743 1546 1584 1599 1600 1601
13830 23879 23880 23881 23882 23890 25608 26046 26047 26048 26260
1074 1097 1110 2290 3450 5059
8130 23818 23819 23820 25978 28764
20047 22383 26875 32878 36306 36307 36331 36755
3989 13313 21069 27351 27352 30707 31771 32179
19569 29062 29063 29064 29065 29066
1289 5686 15257 27988 28192 29558 29559 31273 31909 32283 32284 32285 35207
4995 6087 6088 6089 6090 6634
12526 12527 12528 12529 12530 12531
4479 34031 34032 34033 34298 34637 35727 36456 36677
1785 9132 9133 9134 9135 9904 9905
5235 11042 13571 17877 19301 21418 30107 33917
15883 19521 27860 27861 27862 36296 36297
915 929 930 1065 1210 1257
2425 3760 10109 25501 25502 25503 25504 25866
9246 9490 13651 13869 27155 27156 27157
7971 8356 8828 9083 12143 26804 29139
6106 12760 18844 30392 33570 36122 36123
1058 9689 10638 10639 10640 10641 10642 11301 11329 32161 32162 32163
3607 24235 27685 27686 28981 33813 34008 35241 35357
17523 20368 20600 20601 21110 27479 27799 28140 28173 28178 28505 31235 31478 33954 34571 34868
14966 31945 33266 33267 33268 35118
752 3498 8048 8535 8536 8758
1020 2379 9419 10959 10983 11090 18683
756 2685 16282 18368 18369 19369 19370 20764
13635 17140 18312 18313 18314 18315 18316 18317 18318
12128 22010 25000 35679 35680 36871 36928
12578 34612 35952 35953 35954 35955
13149 23172 29362 29715 29716 29717
775 2900 2902 2903 4162 4781 4782
6105 15206 21527 23537 33646 33647
629 4040 6931 14846 19979 19980 21263 24189 29437 29536
5617 8903 14304 19262 19906 26907 27833 27834 32381 32382 32383 33747 33748 34511 34954
19510 19511 19512 21723 21724 23252 23253 25593 25594 25595 25596 25597 29994 31325
2832 3160 5026 7814 8334 8757 10316
12137 28290 28869 33079 35735 35736
9801 15313 17432 19050 22242 22243
9187 9188 14272 18038 21736 21737 21738 21739 21740 22501 22502
8484 12343 20195 27099 29725 30357 31363 33519
6541 20347 21362 23863 25043 28314 31360 31847 32541
6548 23627 23628 23629 23630 23631 23632 26109 26732 32191 33847 33848 33849
2043 14232 19001 19002 19535 20755 20937
2103 3410 6773 6774 6978 6979 6980 7160
15042 20050 20051 20052 20053 21315
10077 19698 21900 21902 21911 21969 21982 21983 22075 22076 22755 22756
651 2300 9006 9007 15802 15814 35724 35748 35808 36298
2474 19640 19681 19889 19890 20632 20633
24269 30969 31613 32577 32578 32579 35084
1398 2333 12712 27855 28974 29003
11447 17083 25549 31338 31425 31426 33680 33681 34703
20775 26437 26767 27655 29635 29636
4571 9832 30208 30209 30210 30212 30213
3243 3445 5953 20827 21892 22882 27254 27255 30220 30221 33352 33353
8533 20282 20612 20613 20614 21118
30424 32023 32783 32784 32865 32866
7491 16246 35700 35701 36164 36563 36564
16221 19621 19622 19688 20509 21910 30345 31997 33348
1802 1803 1804 1805 3925 3926 3927
5775 18087 19415 22506 24099 32828 32829
8654 23869 23870 23871 25780 25781 30198 30199 30200 30201 30202
9324 17237 17662 18663 25847 27378 27379 33511 35053 36135 36136 36174 36175
12676 12677 12678 12679 12680 12681
4626 27578 27579 27580 27581 28028 28029
15443 16910 21851 21852 28147 31211 31234 31549
7223 34132 34133 34134 34135 34136
8886 20892 22402 24014 24015 24198
8560 16250 16941 17455 28923 33292 33295 34234 34235 34333 34334 34335 34747 34809
577 4184 5919 6398 7526 13554 17117 20527 21031 22234 22314 22315 22829
16491 20977 26438 27920 27921 27922
3156 3960 3961 3962 4050 5342 5731
5518 9758 10353 10354 11316 11360
17039 32354 32355 32356 32357 36585 36791
6254 6620 6621 7243 7663 13845 14649
272 7730 14997 20881 20995 32400 32401 32402 32403 36939 36940 36941
401 13908 13920 19693 21087 27003 27004 28058 28059 28060 29057
10559 12329 12331 14121 14519 15891 18089 22279 24997 30704 33246 33247
5710 5801 12758 19250 19251 20963
21402 21435 21437 21574 21575 21576 22949 23158 23198
18536 18934 20644 25706 25707 25708 25709 28499 28500 28501
18358 24663 28277 29207 29208 29209 30086 35553 36162 36381 36382
9078 19339 29506 29655 29656 29660
1214 5328 10699 13188 13329 14510 23393 23394 23908 23909 32586 34405
3944 17348 17349 17350 17351 17352 17353
22600 22603 25720 36445 36446 36460 36461 36462 36463 36464 36465 36466 36715
3912 12474 13103 13792 13793 17731 17834 17835 18560 18847
2154 3843 5181 6857 6858 6859 6861 6862 6863 6864
9580 14494 28650 29608 29609 29610 29611 29612 29613 29614 31721 31722
12212 30785 30830 30831 30832 30955 31361
20445 34570 35817 35818 35897 36565
27069 28528 30028 30029 30031 30627
3176 4113 5779 13396 14107 20295 28102 34856
26922 26923 26924 26925 26926 26927 26928 26929 28397
14690 20026 20027 20028 20029 20030 20031
15450 21905 21906 21907 21908 21977 22728
260 1718 7858 17024 19084 19085 19107
1437 3816 6331 8796 10085 10086 10415 13416 16607 16673 16674 16675 16676 16892 21014
4411 4412 4413 4414 4415 4979
8070 27599 28808 30633 30676 31496 34043
796 859 860 861 862 899
9527 19580 19582 21881 26646 26647 26648
2481 6008 6009 29922 30054 30055 34178
1975 2777 3105 3294 14192 16150 19722
3175 3396 6991 6992 10607 17465 18332
8941 10117 11261 11691 16483 28119 28120
11668 11904 13347 14771 16794 17415 17880 18711 29042 31004 31969 33506 33507 33509
12953 13109 13388 14445 18321 20616 20617 20665
10258 11264 25309 25310 25311 25313 34815 34816 34817 34818 34819
17658 24607 24616 24617 24930 25067
6460 6462 8306 18584 18763 18919 20865 23336
7882 9384 21392 21393 21394 21395 21396 21397 21398 21399
17120 17630 26127 35238 35576 35577 35578
6471 8637 9072 31593 31594 31595 31617 32341 32342 32716 32717
4860 8588 9887 17159 17160 17161 28291
7791 11429 14195 15480 15481 15482 15645 16459 22117 22918 22919 23276 23277 23424 35776 35777
7611 7645 7679 7680 7714 7715 8615
732 14806 21537 23989 29444 29445 32682 33513 33739 33740
15984 21450 29107 29108 29174 29175 30282 30368 30473 33860 33861 34182
13954 19393 22570 26851 26852 29768 30254 30335 30339 30340 30849 31414 32126
4826 30596 30597 30598 31153 31839
24051 24052 24342 24886 25554 25555
11686 23143 24021 24022 24023 24024 26253
1454 3731 3732 3740 3796 5035
13419 22054 22055 22056 22057 22058 23471
12888 12889 15704 16188 17656 17758 17760 18296 20407 23605
9231 10992 15478 17930 24451 24542 25765 33387 35225 35427
4333 8767 8922 14878 24106 30909 30910 35738
3776 8497 25085 25409 29442 31324 31452 31835 36568 36661
12126 12128 12129 13727 13728 13729
19701 33548 33549 33550 33551 33552 33553
3196 6491 15843 18605 18606 24287 24288
2007 17441 17442 18550 18759 19767 20241 20928
557 558 559 560 850 851 982 4423 4424 4700 4701
17260 17261 18769 19329 24026 24027 24028 24940 26759 26760 26761 28654 29000
7591 8487 12417 14459 17869 20198 20202 20430 25250 28312 28313
11205 11386 17339 17340 20229 20758
7387 13138 28230 28231 35699 36550
17923 35523 35524 35525 35526 35527 35528 35529
7379 7380 7381 7382 7755 22013 23322
20154 25119 25661 28423 31533 33784
5623 18831 22282 22283 22355 22356 23347
18215 34372 34373 34374 34375 34376 34377
19990 27187 27810 33248 33963 34680
6383 11140 12405 13116 17807 18580 20862 21648 32919 33559 33762 33763 33764 34137 35839 36203
6213 8300 10530 11559 15129 22774
25957 27442 29804 31543 31544 31545 31546
17097 35711 35712 35713 35714 36721
5120 15126 15291 23404 26667 27398 32611
27181 27182 27183 27184 27185 28651
2200 2201 2202 2948 2949 2950 2951 2952
3050 24148 28021 28215 32864 35068
2722 22457 23808 23899 23900 23901
299 3967 4237 4262 4798 4799 4800 9807 10732 11078
3166 5613 6070 25505 28795 30686 33612 35066
8989 15292 19427 19927 19928 20570 20571 20780
2571 6834 6836 14188 20047 22267 25880
16580 32324 32662 32663 32664 33634
7404 19564 20200 23789 25102 29381 31082 35946 35947 36313 36371
12408 24705 24706 24707 27536 27537 27538 27540 30464
128 20331 31188 32406 32407 35035 35354 35591 35592 35593 35594 36800 36962
8804 23448 27217 27486 27487 27688 27689 27974 28261 28262
32697 32698 32699 32700 35300 35301
10652 36594 36785 36786 36852 36892 37010
19711 19712 19713 19895 20339 20340 20726
7875 11110 13653 23767 23768 23769 24604 24839 24840
1582 4627 7458 17733 21630 21631 21930 21931
9433 9434 9482 9483 11005 11760
8311 17705 17706 17841 18743 34104 36352 36366 36367 36368 36369 36370
20437 30979 36377 36378 36379 36551 36552 36773 36839
8143 8146 12313 16294 19111 23847 29136 30079 30593 32130 32724 34348 35655 36828
7863 18392 22942 33002 33004 34478 34700 34701
4335 6986 6987 6988 6989 7273 7678 9972 10008 11183 13156 13161 15617 15853 15854 16567
9139 9140 9648 9649 9650 11345 11346
1880 2509 3883 19669 26219 30320 30321 30322
10544 15576 15577 15578 15579 15580 16525 16526 16539
12418 21438 23387 23388 23428 23921 23922
11452 17951 22901 22902 27857 28444
23047 25721 26870 33154 33155 33370 33371 33372 33373
21292 21293 22155 22156 22157 23327 23450 23524 23525 31605
20142 22458 28250 28320 28321 28322
23669 26298 26299 26300 26398 26399 26400 28744
5018 21596 24401 33014 33015 33016 33017 33018 33019 33532 33533 33534
791 4667 12672 12673 12674 14344 14345 14594 17393 18162 18629 18932
1781 5958 5978 5979 5980 6886 6887 7127 7644 7977 7978 13750 24136 32811 33122
32887 32888 32889 32890 32891 33149 34211
1891 4668 29517 29518 31109 31110
16518 23139 36231 36232 36763 36764 36765
9451 23680 23681 23682 23683 23684 23685 24144
9250 14133 14134 19067 19429 22301 24089 24915 25478 26644 26832 27673 29875
3640 10063 11056 14953 21210 26827 27872 32645 33775
9544 15816 31914 33964 33965 34045 34054 34055
13655 13656 15596 26633 26635 26636 26637 26638
15169 19830 19831 19832 22165 22166 24684 36475 36476 36477
2739 3865 6300 12811 20794 20985 21042 26396 26397
5766 7735 8006 10815 16654 17519 18952 21020 21120 25793 26141 26941 27213 28566 30233
5639 8313 12682 21529 21772 24307 26594 26769 27809 28309 28319 30828 30829 30897
3584 9323 9324 10519 11188 11654 17469 17661 17662 19542 20981 27203 27533 27534
5841 5842 5843 5844 5845 5851 5852
9144 25086 29816 29818 31225 33690
3982 11735 24443 26161 33379 35260
3537 3666 6271 6463 6464 6533 6534 6535 8600 8601
1448 2578 5307 5308 5309 5310 5311 5312 5313
3489 10976 27192 27193 27194 27195 28576
17451 23057 24669 26276 26277 32476 35939 35940 35941
206 4606 8139 8140 8141 8142
4069 4692 4693 4694 4794 4965
10361 10362 10363 10364 10365 10366 11195 13788
36 1923 1959 2178 2197 2198 2199 2336 2537 3821 4097 4267 5004 5005
469 471 1051 1118 1119 1120 1121 1122 1123 1192 1193 1239 2224 5815 6693
25606 25607 25619 26642 26643 29358 29359 31483 32444
3271 17812 32524 32525 32526 32527 32529
16333 24747 28071 28072 28073 28706
28737 30948 31394 34944 35173 36741 36837
16334 22894 25441 25465 25550 25551
2183 6129 9021 12973 13280 14848 15296 15922 16179 16441 17343 17344 17447 17512 17653 17654
2539 2540 2612 2651 2652 2676 2762 3797 3798
13139 30970 30971 31758 31990 34739 35078 35079 35080 35081 35082 35083 35411
18552 20585 21590 22410 26993 28459
1510 15622 36104 36105 36106 36344 36345 36346 36387 36790
494 4689 10830 15365 15507 15508
6758 15311 35244 35462 35580 35581 36965
1882 4221 4525 5811 8726 25064 28775 29910 29911
7544 34304 34305 34306 34307 34308
664 665 764 765 10449 11729 21386 21387 21388
13276 13277 16165 16957 16958 16959 18098 19518 31878
894 1564 1565 1566 1665 1674 2335 4329 20732 24794 24998 31550 36733
18202 19095 19096 19097 19098 19099
23583 30808 30809 34814 36518 36519 36921 36997
22068 27932 30888 34851 34852 34853
15259 15260 16254 26132 32846 33498
5927 7133 13584 13726 32522 32523
5154 5155 6789 8918 14642 15428 16187 16225 23791 23792
4195 25223 25587 25588 25598 25857
6798 25756 25757 26445 27529 28774
7401 10076 11958 11959 11960 12960
5685 10358 16357 20839 23687 23765 23766 24381 25121 25936 29281 35140
17840 20213 25113 28033 28034 29023
10576 21573 22935 23454 32302 32303 33522 34572 34573
13853 22297 27777 27778 28303 28304
1291 3458 3460 6899 6900 6901 7767
12396 13354 32634 32635 32636 32637
7112 18656 30494 30495 30496 30497 30498
5391 5392 5393 5447 5795 5858 5859 6053
4213 4214 4215 4216 4217 5643
2591 16592 22630 26938 33086 33087
25285 25286 25287 25288 25289 25290 25291
4409 12958 17494 18128 18129 18130 18131 23344 25556 31125 35233 35677 35678
376 5578 17001 20182 25669 26419 28483 28621
23722 33564 33565 33566 33567 33568 34490 34769
927 7195 7196 12962 12963 14881 17078 20761 22333
1999 3840 12690 13208 13349 15990 15991
3734 7850 12341 23089 23372 25753 29463 30467 30865 33293 33650 34926 35089 36305
22764 22946 22947 24003 24004 24005 24006 24007 24008 24009 24010 26661 28809
1892 15878 15879 16364 28080 35284
15898 18217 18241 18242 20320 22205 29760 29761 29762
17112 17268 17269 23802 23803 23804 23805 23806
1795 4821 5400 8076 15433 16268 17401 17402 20957
5592 17958 19442 24836 35723 36116 36117 36891
16249 25165 29705 31026 31028 33147 33158 33159 33288 34223 34225 36426
13148 14805 17032 19216 29259 30813 32543 32544 32545
3649 3833 7505 12551 21651 28812 29586 31366 32669 32670
19074 21257 22244 23052 28286 33619
3464 20998 25929 31504 32710 32711 32712 34144 34145 35305
4612 10938 17729 20188 27553 30482 31781 31782
16955 18682 18865 18987 23926 32049 36784
8876 8877 8878 8879 8880 8881 9769 9770
6480 14993 18203 18204 18205 18785
3398 4958 6880 9847 11730 12125 12566 22815 31438 31837 32103
2872 2873 2930 2931 2932 3088
3144 6675 8887 9220 11069 11070 11071 11343 11525 11526 11599 12300 12429 12439
12063 12244 13381 15784 17394 24867 24868 24869 29508
4402 5496 8436 8437 8438 8503 8504
3230 3231 3232 3233 3582 9588 24243 25020 26092
6376 13741 25448 31921 33887 34669 34775 35388
6263 12646 34039 34161 34162 34163
20648 23324 26139 28105 28106 28752 28753 31169 31170 31171
38 253 254 287 586 1644 5708
4847 5050 6510 12188 17570 21926 24482 24483 24485 25331 25332
12548 19277 30664 33456 35647 36811
21175 21176 21177 21178 22544 22545 22546
8338 35516 35517 35518 35519 35520
5301 27116 27347 27348 27349 27350 33839 33840 34940 35133 35929 35930 36265
15463 17243 17244 17245 18389 19505 20674
15948 15949 16668 16669 16770 16774
13962 26520 26521 26522 26523 28584
26471 26968 26969 26970 28787 28788
6960 9095 9096 9097 9098 9099 10101
12424 12893 22475 27410 27805 27806 27807 27971
4990 29256 29257 29258 29936 29937
4110 4156 4157 4158 4159 12074 16011 20205 20206 20207 20208
25319 25320 25321 25322 32004 32041
10823 23514 27294 33401 33402 33403 33404 33405 33940
9995 11075 30781 31012 31699 31700 31701 31702
16273 16854 26039 27214 31063 31064 36451 36452
2093 4851 5831 17768 24769 24770 24771 24772
18671 18935 18939 18950 20654 21106 22434 22435 25059 25676 25677 25678 31386
1355 1356 1359 1360 1361 1362 1364 1365 1449 1496
158 3728 3806 8545 11954 12614 12615 12754 12755 13286
696 13780 13781 13782 13783 13784 14422
15179 15180 24488 25034 25035 25036 25037 25038 25639 26027
12652 12654 17805 18930 21503 21601 24209
19918 20388 20437 30126 30127 30770 31248 31267 32555 32556 32557 34494 34495 34575
10260 18480 18481 18884 18969 20646
3253 3306 3307 3530 3531 3532 3533 3538 3539 3553 3554
12780 12933 19617 19618 20489 28259 28260 28266
127 134 147 148 1034 1064
26308 26309 27817 27818 27819 27820 27821 27822 28236
11065 11066 11067 11354 11388 13522 13523 13524 13786 13787 14434
11883 26563 27745 27746 27747 27756 28884
3379 11748 20720 24454 25783 36082
3831 15751 16523 16768 17867 17868 30319 33468 33895 35170 35394
8120 24427 35980 35981 35984 35985 36018 36019
1576 4093 4252 5735 6396 12938 18385 29202 29203
2678 24202 24203 25114 25115 25116 29902 29903 31723 32123
6652 27215 27216 27217 28464 34802
5089 8001 10114 11198 15709 15710 15711 21652 22744 23118 23119 23368 24966 25170 26933
693 17312 17313 18024 18025 18898
3620 11079 20345 21229 21230 21231 22923
2855 9215 9216 9217 9218 11905 11906 26067 26975
9038 9039 9040 9041 14645 14646
3928 3978 4232 4275 10148 15240 15241 15242 15286 15929 16003 16544 16576
17540 24548 26050 26051 26210 26263
71 17197 19654 19992 19993 19994
25987 29095 29096 29097 29098 31045 31290 31902
21354 21355 21802 21803 21804 21805 21806 22338
16574 16575 16620 22319 22320 22321 35048
12563 12564 12824 13113 18201 18202
5673 20256 20257 20258 20259 20466 20467 20658
16799 28208 28209 34895 36541 36719
5835 13307 14896 18997 18998 18999 19149 19901 32472 34179 34180
5883 17057 17058 21306 22767 23750
4099 4285 14287 27838 27839 29196 29535
3866 12535 12722 13818 14514 18566 22405 23511 25770 26736 27012 28620 30641
12028 19144 19740 19741 19742 19939 19940 20744 20745 21143
10475 24872 24873 24874 31020 35796
1383 14354 14355 14356 14357 14358 14359
33280 33281 33282 34784 34785 35964
33554 36220 36221 36222 36223 36847
6982 6983 15720 15721 19861 27127 27128 27129 27130 28786
18562 33947 34332 35458 35995 35996 35997 35998 35999 36000 36695 36696
1999 2139 3483 3840 5023 7249 7436 7718 10555 12690 12694 13208 13349 13363 13364 13368
12810 20397 30053 33124 33125 34461 34462
11504 11505 13715 16818 16819 16820 18624 18979 23961 26011 26012 27408 27409
23534 25786 25927 30527 31971 32020 34329
11681 27261 27262 27263 27264 27265
1075 13276 16165 16626 23731 25357 25893
2219 4207 7581 20690 20691 20692 20996
9461 15718 16530 16532 16663 28652
4116 17783 22182 24777 24778 29908 31071 32085
2636 32243 32244 32245 32246 33958 34719
456 479 480 481 482 483 484 485
5401 6201 9478 10993 11352 14114 14197 20564 24997 25616 28252
2232 25183 25184 25185 25363 25364 25365 26230
462 463 591 1039 1344 1352 1353 1367
521 8011 8012 8454 9522 9737 9738 11359 16749 18947 21162 21163 24059 24722 25892 26952
3344 14556 21517 21518 22147 22148
12747 13107 13108 18173 20035 20036 20037 28608 28694
7021 26958 26959 26960 27250 27251 27252 27253
9867 19746 22820 30414 30415 31237 31238 31382
4090 19504 25534 31005 31006 31401 31402
2642 2664 2665 2766 2767 2768
21116 29408 29409 29720 29721 30311 30312 30313 30314 30315 30316 30317
8505 14618 15030 20705 20706 22872
12444 20366 24642 24643 24644 24645 28543 31194 33127 33484
26609 29371 31866 32980 32982 35617 36782
7666 10069 22006 22007 22622 23271
1936 5556 10248 12589 15824 15826 16704 16705 16717
1451 4227 10226 11533 11560 14996 16826 20885 25702 27916 30429 31577 31578
5275 17525 26974 27681 28347 28581 30230 30232 33360
13633 17776 19498 25980 30564 30565 30566 31285
2968 6850 11192 26543 26544 26545 32286
17025 26653 26654 29251 29253 29793 32332 32333 32708 32709 34096 34097 34098
9937 14855 15332 16886 29305 29306 29953 29954 29955 29956 30525 30526
2208 5317 6124 9025 11719 20441 20857 21485 23836 23838 26672 29541 29742 29743 29744
6400 26614 35328 35499 36144 36145
3855 9542 24730 24731 24732 24975 25008 25009 25010 25620 25621 26007
21691 32673 35605 36280 36281 36848
4632 4635 6912 6913 6914 6915
23182 25607 25619 25629 26555 26642 35675 35676
288 12041 12042 12545 12546 12547 20376
28578 34443 34444 34864 34865 34866 35440 35507
9880 9884 18653 22365 23183 25612 27858
15076 24522 25905 26070 30325 30514
3318 5341 16258 32902 32903 32904 35145
1652 1653 1654 1655 1679 2319 2320 5200
1204 1252 1548 1549 1598 1629
17913 24211 24212 24213 24214 25042 27873 32993 32994 32995 32997
1913 22144 26845 27612 27613 27981
5759 18084 18085 18086 18636 18686 18687 18688 18689 18690
1917 15604 15606 15607 24193 26123
6079 6080 9118 9119 9408 10785 12082
12552 17298 17299 35644 36310 36869 36901
6579 10429 10430 10431 10432 32441 35806 35807
286 1027 1083 1125 1236 1273 1477 3733 6576 6823 7701 9266 9431 9825
4844 16732 19204 19981 24892 28807 30736 32548 33736
6318 11949 14751 16051 16308 16947 18578 18982 19229 31875 32380 32535 35041
12120 12121 12122 13241 19319 19375 20379 20718
7212 19344 19345 24041 26785 29663 32735
16992 19656 29273 29274 29275 29276 33209 33210
4078 8269 11073 11808 12191 12192 26301 26302 26303 26304 26375
10145 13586 13587 13588 13666 13667 13668 32100
46 6855 7938 12605 14144 14145
2272 3129 4003 4004 4051 4052 4053
5531 8449 10784 20779 26731 34551 35251 35252 35431 35437
1988 9282 10038 10287 21935 21936 27312
7549 10087 17304 17305 17489 19011 19012 20432 21094 24092 24183 24184 24353 25003 29320 30404
10249 15818 15959 15960 15961 15962 16885
5951 9817 9818 13123 13361 19710 24708 30484 31367 32293 32294 32295