334 459 1300 5765 5925 6298
8 317 993 2034 2043 2447 3033 4254 5208 6574
765 1645 3760
801 1465 5842 6000
1017 1271 1331 1435 1867 1922 2002 2494 2558 2760 3403 3466 3503 3522 3816 3843 4196 4518 4796 4863 4927 5725 5774 5885 5900 6168 6563 6768
3730 6068 6126
402 2123 5783
450 653 862 1180 4320 5253 5830 6139
331 558 738 1166 1497 1636 1674 1728 2476 2712 2727 2744 2962 3100 3461 3470 3513 3703 3847 3894 4332 4484 4637 4912 5149 5170 5255 5678 5743 6576
2246 2914 3570 3766 4084 4409 4500 4708
1924 2329 2452 2887 2888 2889 2952 3195 3224 3578 4298 4570 4935 5035 5061 6272
272 296 355 685 1184 2632 2883 5330 6066
423 1106 1343 1622 2674 3286 3589 6018 6471
704 1052 6093
2332 4481 5420 5860 5872 6154
1195 1385 2743 3325 3955 4370 4605 4745 5075 5496 5570 5851
718 996 2112 4116
1499 3379 3597 6743
2 3030 3745 3907 3923 4546
1757 1965 2602 2603 2868 3315 4559 6027
879 1279 1830 2685 3505 3621 4433 5794 6466 6764 6765
740 1056 1154 1345 1379 4040 4671 4843
73 762 1255 1626 1810 3117 3650 3876 4068 4537
2841 5372 6307
368 508 509 510 511 512 1895 1898 1899 1900 2200 2204 2718 3198 6714 6715 6811 6815 6817 6818 6819 6820 6847 6848 6849
557 789 1031 1705 2024 2779 2804 3111 3311 4670 5857 5862 6622 6685
316 1062 1951 2933 3472
131 133 134 135 136 137 758 1481 6694
532 836 1231 1456 2492 2705 3462 3668 4386 5017 5788 6235 6331 6782
768 2231 2813 3121 3732 5015 5065 6050
633 806 1294 1698 1962 3103 3429 4346 5492 6033
207 457 784 793 1439 2658 3275 4107 4122 5336 5375 5419 5515 5695 5850 5965 5992
432 745 930 1565 2625 3014 3354 3592 4564 5013 5166 5436 5741 6046 6057 6440 6520 6599 6613 6646 6803
740 1056 1154 1345 1379 4040 4671 4843
959 1107 1108 1109 1110 3018 3021 3022 3421 4062 4468
470 3660 4086 4642 4900
116 419 706 3134 3288 4300 4783 5311 5312 5313 5314 5401 5403 5770 6188 6189 6190 6191 6341
2879 4427 4633
189 643 1059 1863 1864 4588 4589 5597 5624 5912 6214 6362 6684
127 1095 1297 1529 1884 2570 2998 3968 4241 4740 5658 5807 6438 6476
413 2375 4712 5315 5611 6789
131 133 134 135 136 137 758 1481 6694
66 610 2379 2654 4051 4117 4167 4333 4650 6098 6124 6731
809 3112 3339 5423
109 305 605 626 1002 1480 2970 3554 4168 5952 6051 6147 6420
1192 1234 1912 2825 2984 3400 6860 6874 6876 6891 6915
322 2199 2885 3586 4240 5006 5759
272 296 355 685 1184 2632 2883 5330 6066
64 469 1011 1220 1649 1650 1651 1652 3009 3010
215 216 1226 1227 1228 2694 3319 3469
368 508 509 510 511 512 1895 1898 1899 1900 2200 2204 2718 3198 6714 6715 6811 6815 6817 6818 6819 6820 6847 6848 6849
1133 1323 1627 1818 2466 2661 3042 3306 3702 3714 4190 4686 5714 5879 6135 6467 6682 6756
638 1090 6443
689 1696 1697 2211 2832 2945 2946 3256 3744 4083 4382 4383 4486 4487 4488 4489 5641 6174 6175 6511
24 391 1005 1203 1846 2938 4118
803 843 2266 3108 3167 3393 4387 4969 5455 5731 5769 5990
1607 2140 2605 2846 3537 4059 5798
87 150 957 999 2587 4391 4918 5889 5890 5915 6192 6193 6723
4121 4159 4448 4482 5981 6015 6304
574 616 3169 6728
740 1056 1154 1345 1379 4040 4671 4843
2236 4842 5122
1756 2055 2346 2638 5999 6314
91 474 782 1126 1336 1837 2857 3003 3065 3156 3750 3932 4087 4095 4251 4324 4569 4934 5748 5829 5908 6268 6444
3445 3893 4197 4198 4199 4200 4201
1802 5204 6454 6611
173 245 634 847 870 2003 2261 2458 2755 2978 3068 3070 3106 3229 3293 3557 4008 4970 4984 5197 5238 5240 5590 5666 6778
1937 2574 5476
1849 2099 2739 3523 4280 5700
884 4685 5000 5243 5290
39 115 987 2226 2761 2793 2953 2990 3194 3391 3392 3576 3817 3891 4381 4684 4746 4876 4913 5018 5567 6241
416 1356 1644 2227 4016 4852 5168
128 3792 3793 3794 3795 4705
778 849 3770 4355 4854 4879 4880 6658
1183 5991 6692
288 553 1426 3643 3913 4207 4229 4572 4849 5730 5750 6541
184 675 924 981 1273 1432 1707 1955 2012 2265 4005 4327 4474 4494 4522 4775 4855 5117 5523 5845
716 717 1362 2302 3992 4291 5822 5823
60 323 1104 2088 2264 2385 2534 2859 3165 3245 3798 3898 3926 4737 5040 5047 5529 5826 6116 6755
347 529 613 672 712 713 735 1241 2050 2736 2957 4124 4815 5025 5974 6738
63 1388 1390 1392 2373 4622 5358
1544 3002 5555
148 628 890 1230 1631 1681 2270 2322 2342 3006 3213 3658 4579 4582 5308 5435 5726 6325 6371
831 1022 1137 1353 1776 2444 2539 3247 3374 3494 4371 4372 4400 4869 5041 5508 6451
59 967 1149 3402 6263
314 489 571 883 1143 1162 1212 1311 1317 1366 1459 1515 1893 1929 2087 2384 2519 2578 2910 3102 3369 3672 4126 5546 5637 6364 6392 6594 6697 6840
2246 2914 3570 3766 4084 4409 4500 4708
2353 3856 4145 4146 5659
65 3900 4366
370 2365 2896 2976 5800 5924
2037 2152 6623
4305 4620 4910 5160 5503 6096
884 4685 5000 5243 5290
117 130 247 466 841 902 1167 1332 1378 1749 1793 1817 2060 2263 2656 2766 3626 4037 4326 4365 5382 5400 5470 5820 5978 6058 6621
3088 3608 3917 5016 6267 6644
544 563 669 1783 2009 2489 2490 2491 2677 2700 2930 3154 3203 3228 3433 5732 6032 6317 6342 6516
230 1265 2956 3417 4776 5183 5267 6204
34 99 250 1532 2609 3356 4256 4303 4603 6009 6047 6602
1483 2497 2548 2624 4528 4724
499 1717 3928
160 577 1221 5118 5272 5273
26 304 523 874 950 1592 1850 2014 2456 2541 2776 3037 3226 3265 3320 3351 3420 3559 4154 4321 5068 5715 5754 6049 6409
1004 2048 6886 6900 6906 6907
1021 2174 2175 4978 4979 4980 4981 5662 6925
718 996 2112 4116
61 149 2335 3442 4498 4499 5007 6151 6170 6412 6459
141 142 198 637 857 1771 1851 2051 2341 2453 2875 3142 3251 3252 3253 3254 3475 3574 3837 3974 4702 4704 4884 5034 5323 6604
394 395 2512 2996 4384 4445 4513 4682 4990 5043 5751 6198 6503
434 1503 5507
2391 5532 6410
1889 1997 4141 4266 4410 4906
945 946 1063 1213 1600 2141 2142 2242 2243 3081 3082 3152 6742 6748 6752 6798 6806 6829 6830 6831 6833 6851
98 1252 1523 2509 3216 3516 3966 4553 4563 4848 5086 5376 5538 6156 6911
1187 1487 2703 2836 2969 3277 3377 5831 6054 6355 6395
428 1281 2833 3471 4519
1145 1878 2867 5417 5789 6030 6273
772 773 774 1263 2537 5951 6405
119 120 372 373 374 454 2042 6453
787 1060 1068 1868 2173 2608 5462 5517 5745
85 156 340 346 629 1276 1301 1558 2185 2215 2781 3090 3092 3296 4166 4286 4615 4988 5014 5019 5212 5931 5963 6102 6245 6509
609 744 1134 1729 3944 4179
482 645 1648 3057 3197 3826 5286
859 1327 2449 2450 3483 4885
1159 2667 3041 3067 3595 4139 4838 6734
1834 1836 6813 6814 6832 6846
78 1374 1375 2136 2137 2559
689 1696 1697 2211 2945 3256 3744 4083 4383 4486 4487 4488 4489 5641 6174 6511
109 305 605 626 1002 1480 2970 3554 4168 5952 6051 6147 6420
65 3900 4366
734 3398 3636 3637 3638 3639 5592
487 543 1188 1391 1761 1843 2298 2336 2392 2577 2622 2702 2753 3284 3659 3845 4330 5115 5569 5643 6055
82 214 281 1164 1376 2297 2791 2947 3437 3736 4222 4236 4758 5178 5827 6136 6526
356 650 1700 1984 2330 2529 2763 3734 3735 3849 4219 4690 5972 6797
678 939 2546 2902 3779 4907 5280 5282 6790 6791
208 832 1629 1806 1964 2094 2124 3015 4322 4470 4599 4643 5221 5557 6039 6427 6432
59 967 1149 3402 6263
869 1608 3600 3782 4113 5299 5582 6394 6704
4938 5236 5295 5337 5639 6001 6713
2729 2906 4149 4150 5516 6171
1734 1735 2032 3575 6169
875 940 1186 1314 1988 4070 4187 4514 4795 6316 6353
37 1029 6182 6461 6788
310 1105 1444 2517 4525 4526 4527 6231 6232 6401 6402 6403 6535
63 1388 1390 1392 2373 4622 5358
1382 1441 1442 1582 1583 1585 1657 1658 3066 3344 6879 6880 6894 6895
210 791 1096 2072 2374 3527 4260 5962 6393 6559
1208 1209 1554 1555 1556 1738 2433 2434 2436 3830 6514
87 150 957 999 2587 4391 4918 5889 5890 5915 6192 6193 6723
552 1139 1535 3084 3500 5159
692 828 1932 2510 2571 3204 3728 3962 4295 5302 6200
2267 3130 3406 3701 4634 4802 5126 5176 5274 5422 5472 5727 6028 6483 6552
468 752 3640 4000 6628
568 1085 1216 2105 2250 2802 2934 3235 3378 3533 4172 4492 4889 5073 5425 5459 5781 5979 6048 6083 6302
3528 4503 4505 4785 4786 4787 4788 4931
451 757 1373 1557 1881 1916 2767 3791 4049 5062 6243
320 2178 4245 4246 5467 5468
50 1308 1616 4205 4811 5139
143 1171 5396 5415 6495
792 1811 3232 5524 6279 6280
609 744 1134 1729 3944 4179
356 650 1700 1984 2330 2529 2763 3734 3735 3849 4219 4690 5972 6797
334 459 1300 5765 5925 6298
718 996 2112 4116
768 2231 2813 3121 3732 5015 5065 6050
274 463 1845 2044 3303 3310 3801 4426 4656 5540 5721 5766 6404 6853
2646 2647 2649 2651 2652 3107
2225 2866 4316 5682 5758 5928
273 839 1051 1427 2789 3945 4077 4601 4762 6699
384 974 1313 1703 2151 3787 5059 5094 5351 6686
105 3863 5571
4121 4159 4448 4482 5981 6015 6304
1968 3541 4094 4539 5985 6036
1296 3359 4046 4717 5384 5968 6034 6346 6357
945 946 1063 1213 1600 2141 2142 2242 2243 3081 3082 3152 6742 6748 6752 6798 6806 6829 6830 6831 6833 6851
718 996 2112 4116
24 391 1005 1203 1846 2938 4118
933 1114 2017 2026 4053 4439 4904
237 769 1055 1743 1928 2303 3386 3572 4071 4072 4073 4178 5230 5248 5674 5901 6634 6635 6838
718 996 2112 4116
222 284 1150 2422 3032 3218 3717 3872 3973 4751 5646
169 327 1411 1510 1512 3477 3478
3777 4061 6653
401 1428 1602 1603 4680
108 517 777 1708 4732 5039 5357 5484 5651 5777
2189 5785 6633
399 767 1239 3149 3336 3337 3836 4034 4874 5428 5452 6521
959 1107 1108 1109 1110 3018 3021 3022 3421 4062 4468
186 1803 2579 2594 2968 3026 3416 4042 4552 5203 6025
397 845 860 1122 1127 1178 1370 1833 1969 3436 4713 4947 5271 5648 6487
39 115 987 2226 2761 2793 2953 2990 3194 3391 3392 3576 3817 3891 4381 4684 4746 4876 4913 5018 5567 6241
945 946 1063 1213 1600 2141 2142 2242 2243 3081 3082 3152 6742 6748 6752 6798 6806 6829 6830 6831 6833 6851
2439 2911 3627 3628 5381 5426 5699 6544 6769
1570 1571 2508 5669
124 221 1584 2420 2668 2696 6800 6809 6821
2398 3656 4120 4156 4543 5413 6497
2028 2269 3700 4074 4773 6240 6252 6779
291 671 693 976 986 1015 1396 1579 1682 1942 2192 2419 2506 2621 2715 3518 3778 4018 4047 4323 4435 4467 5578 5858 6226
5133 5134 5734 5744 6606
25 231 599 813 972 3751 3841 4344 4379 4457
1610 3445 3893 4197 4198 4199 4200 4201
331 558 738 1166 1497 1636 1674 1728 2476 2712 2727 2744 2962 3100 3461 3470 3513 3703 3847 3894 4332 4484 4637 4912 5149 5170 5255 5678 5743 6576
1021 1968 2174 2175 3541 4094 4539 4978 4979 4980 4981 5662 5985 6036 6925
751 1243 2053 2731 2732 2733 2734 3820 4941 5547 6614 6836
2646 2647 2649 2651 2652 3107
51 3390 5235 5668
272 296 355 685 1184 2632 2883 5330 6066
1232 3456 3761
850 851 1637 2011 2135 2464 2521 2522 2686 6774 6802 6812 6822 6823 6834 6843 6844
4299 5329 6450
470 3660 4086 4642 4900
429 436 2280 2726 3631 3711 3712 5510 5604 6430
936 2193 3131 3408 3410 3411 3705 3892 4348 4395 4914 5689
614 721 1130 1238 4609 6101
1829 2619 3430 4999 5647 5883 5913 5970 6651
329 995 2699 2742 3309
2439 2911 3627 3628 5381 5426 5699 6544 6769
3184 3257 6919
71 89 335 1117 1305 1786 1835 1947 2258 2982 3443 4828 6095 6234
539 796 5880
4549 5104 5321 5562
544 563 669 1783 2009 2489 2490 2491 2677 2700 2930 3154 3203 3228 3433 5732 6032 6317 6342 6516
549 1543 2071 2545 3381 3525 3677 3833 3851 5378 5629 5638 6056 6195 6196 6739
432 745 930 1565 2625 3014 3354 3592 4564 5013 5166 5436 5741 6046 6057 6440 6520 6599 6613 6646 6803
3861 4169 4491
2542 3431 5665 5667
97 1101 1125 1581 1921 1923 1966 2316 2474 2671 2829 3138 3282 3301 3580 3648 4602 5279 5339 5891 5905 6700 6786
165 421 4285 6205 6753
4299 5329 6450
222 284 1150 2422 3032 3218 3717 3872 3973 4751 5646
1382 1441 1442 1582 1583 1585 1657 1658 3066 3344 6879 6880 6894 6895
1425 4025 4350
358 1482 2562 3693 4090 4520 4742 4812 4948 4949 4950 5599 6149 6315
2149 2176 3407 5100 6323
1 535 978 1775 3206 3236 3237 3457 4259 4583 4767 4870 5185 5602 5983 6308 6337 6390
308 4703 4739 5353
3569 6070 6706
35 1044 2428 2511 4102 5686 5799 6099 6777
877 2314 3120 3322 4765 6207
82 214 281 1164 2297 2791 2947 3437 3736 4222 4236 4758 5178 5827 6136 6526
127 1095 1297 1529 1884 2570 2998 3968 4241 4740 5045 5658 5701 5807 6438 6476
2841 5372 6307
1285 2807 3145 3706 3840 4824 5717 5718 5719
185 764 3838 5050 5855 6213 6462
4317 4867 6720
4 1639 1654 1656 2496 3948 4301 6668
1993 5133 5134 5734 5744 6606
10 2472 5150 5151 5525
17 18 3246 6859 6887 6888 6896 6897
1050 3191 3192 4063
1192 1234 1912 2825 2984 3400 6860 6874 6876 6891 6915
458 4263 4587 5997
1516 1525 2080 2191 2381 2557 3271 3355 3722 3984 4334 4420 4663 5242 5573 5854
1192 1234 1912 2825 2984 3400 6860 6874 6876 6891 6915
1570 1571 2508 5669
1991 2904 3200 3488 4380 6206 6493
443 472 2213 2849 2881 3095 4357 5448 6551 6641
583 2838 3544
244 684 1277 1593 3687 4772 4803
65 3900 4366
36 932 1854 1855 3366 3889 4001 4354 6250
365 1075 1386 1445 1446 1447 1519 2075 2467 3283 3328 3797 3848 3965 4151 4319 5128 5661 6176 6177 6637 6722
363 562 2321 3622 5113 5749 5902
884 4685 5000 5243 5290
1485 3699 3815 4129 4284 4403 6726
315 914 1989 4220 4234 4924 5645 6523
2841 5372 6307
2403 3821 4424 4721 5356 6181 6587
2248 2526 2847 3151 5173
129 630 666 1952 2150 2214 2281 2380 2627 2769 3004 3080 3168 3474 4774 5012 5141 5457 5737 5847
1954 1972 2376 6085
45 376 1679 1763 2424 2495 3922 4182 6326 6785
2707 2752 3289
205 446 4195 4315 4875
95 369 1501 2025 3715 6659
503 838 1910 5728 5911 6671
1169 2688 3531 3593 3594 4282 4283 4945 4946 5107 5108
106 233 679 2069 2485 2582 3448 3454 3854 3855 3924 3947 4611 5954 6228 6229 6281 6584
197 1395 1798 1957 3186 3543 4662 5933 6173
1159 2667 3041 3067 3595 4139 4838 6734
1991 2904 3200 3488 4305 4380 4620 4910 5160 5503 6096 6206 6493
1246 3362 3629 6127 6538 6624
255 274 463 1633 1845 2044 2282 3303 3310 3801 4426 4656 5153 5540 5721 5735 5766 6122 6404 6853 6867
177 639 954 1721 2000 3725 4754 5064 5449 6334 6741
2273 2764 2958
100 191 219 240 497 753 808 1563 1852 2259 2768 3040 3079 3162 4238 5106 5389 5767 5773 5791 6300
501 1460 1996 2146 3789 3866 4668 5344 6407 6639
2499 3380 4165
278 279 280 1550 3043 3683 3727
53 311 411 5239 5803
850 851 1637 2011 2135 2464 2521 2522 2686 6774 6802 6812 6822 6823 6834 6843 6844
67 68 70 382 1318 1319 1605 1624 1625 1825 2005 2006 2008 2172 2401 3019 3020 3978 4052 5244 5536 6283 6368 6436 6485
765 1645 3760
3777 4061 6653
2082 4105 4687
1483 2497 2548 2624 4528 4724
2082 4105 4687
1991 2904 3200 3488 4305 4380 4620 4910 5160 5503 6096 6206 6493
92 430 861 961 962 1093 1179 1214 1469 1470 1779 2021 2550 3473 3602 3796 4230 4545 4853 5154 5182 5246 5288 6370 6424
316 1062 1951 2933 3472
1400 1401 1539 1540 1724 1840 1841 2255 2787 3113 4466
1991 2045 2904 3200 3488 4305 4380 4620 4910 5160 5503 6096 6206 6493
32 287 332 1084 1284 2660 3264 3713 5124 5716
2725 5636 5916
3931 4268 4521
740 1056 1154 1345 1379 4040 4671 4843
161 162 366 3294
2273 2764 2958
1340 1619 2400 2672 2673 3920 5360 5663
2611 4613 4619 5608
1702 2782 2826 5164 5625
1643 2389 3308 4272
689 1696 1697 2211 2832 2945 2946 3256 3744 4083 4382 4383 4486 4487 4488 4489 5641 6174 6175 6511
943 944 3036 5655 6114 6271 6311 6439 6707
550 746 2708 3230
3115 3321 3504 6336 6448
1419 1712 3178 4223 5432
16 3882 4065 4533 4729 5181 5275 6123 6504
223 275 1155 1463 2354 2955 5060
1050 3191 3192 4063
809 3112 3339 5423
320 2178 4245 4246 5467 5468
3 121 338 635 1170 1449 1885 2805 3511 4188 5051 5292 5615 5782 6065 6115
273 839 1051 1427 2789 3945 4077 4601 4762 6699
1991 2904 3200 3488 4305 4380 4620 4910 5160 5503 6096 6206 6493
1200 1827 3455 3645 3839 4135 4441 4866 5009 5049 5220 5418 5601 6185 6608
566 1420 1597 1598 6872 6873 6903 6904 6905
55 1567 2503 2858 2861 3573 4007 5390 5614 6160 6230 6519
293 3331 4243
166 422 680 871 956 1801 3051 3240 4033 4249 4438 4560 4652 5046 5345 5828 5932 5977 6222
959 1107 1108 1109 1110 3018 3021 3022 3421 4062 4468
215 216 1226 1227 1228 2694 3319 3469
427 882 3607 4861 5374 5513 5514
36 932 1854 1855 3366 3889 4001 6250
527 4462 4463
915 2157 3583
1688 4313 5167 5458 5672 6411
1208 1209 1554 1555 1556 1738 2433 2434 2436 3830 6514
544 2009 2489 2490 2491 2677 2700 3154 3433 6032 6342 6516
2527 4415 5120
2873 3175 3447 3749 5036 5334
984 2338 3716
42 93 301 814 1520 1612 1731 1760 1917 2221 2323 3492 3497 3563 3614 4361 4823 5558 6709 6761
168 362 530 858 1135 1148 1176 1222 1451 1661 1675 1959 2039 2334 2617 2939 3596 3868 4098 4212 4508 4567 4814 5441 5779 6014 6319 6460
277 2387 2720 3953 4287 4626 4627 4628 6477
2353 3856 4145 4146 5659
246 420 3743 3993 4558 5112 5163 5270
590 1630 1660 2013 2501 3008 3196 3509 3940 4920 5250 5366 5427 5935 5948 6238 6254 6605
1476 3661 5671
1019 1259 2121 3305 3610 3822 4459 5032 5711 6277 6318 6327 6383 6729
501 1460 1996 2146 3789 3866 4668 5344 6407 6639
586 1573 4278
3777 4061 6653
1098 1248 2284 4112
289 595 1680 2129 2794 3208 3775 5233 5488 5677 6413
3445 3893 4197 4198 4199 4200 4201
4549 5104 5321 5562
652 724 1097 1357 1398 1410 1500 1897 2202 2207 2228 3202 3223 3394 3395 3604 3605 3747 3807 3981 4598 4669 4977 5289 5583 6375
2936 3558 3986 4015 4337 4397 6045 6141 6656 6670
551 942 1199 4825 4826 5130 6312
363 562 2321 3622 5113 5749 5902
1017 1271 1331 1435 1867 1922 2002 2494 2558 2760 3403 3466 3503 3522 3816 3843 4196 4518 4796 4863 4927 5725 5774 5885 5900 6168 6563 6768
63 1388 1390 1392 2373 4622 5358
514 3990 3991 4036 4594 4638 5225 6217
157 619 920 1664 2637 2963 3160 3384 3486 4085 4561 4846 6197 6265 6549
26 523 874 950 1850 2014 2456 2776 3037 3226 3320 3420 4154 4321 5068 5715 5754 6049 6409
1012 1531 1769 2047 3553 3651 3888 4193 4194 4534 5506 5568 6386 6665 6719
1485 3699 3815 4129 4284 4403 6726
3852 3853 4368 5945
3005 3342 3428 4738 5705 5707 5708 6010
267 582 585 893 1033 1402 1468 1578 1914 2018 2169 2229 2505 2944 3119 3340 3552 3652 3921 4227 4471 5054 5175 5186 5278 5331 6498 6525 6712
2102 2333 2555 2633 3034 3964 4422 4580 4581
2102 2333 2555 2633 3034 3964 4422 4580 4581
54 389 491 500 1473 1831 2454 2723 3909 4069 4225 4373 5317 6026 6284 6556 6638
3569 6070 6706
495 804 952 1737 4971 5710 6724
624 3943 4452
203 2107 3059 6145 6435
1192 1234 1912 2825 2984 3400 6860 6874 6876 6891 6915
80 359 418 1001 1048 1194 1423 1527 1790 2313 2684 2834 3190 3372 3458 4082 4148 4261 4571 4573 4806 4836 4868 5232 5548 5821 5825 6129 6209 6264
310 1105 1444 2517 4523 4524 4525 4526 4527 6231 6232 6391 6401 6402 6403 6535
564 603 754 963 2520 3097 3453 3813 5368 6660 6711
3931 4268 4521
913 2097 2224 4029
428 1281 2833 3471 4519
627 4455 5211
4305 4620 4910 5160 5503 6096
1847 1902 2340 2358 2465 2738 2943 3260 3823 3824 6488
566 1420 1597 1598 6872 6873 6903 6904 6905
2566 2567 2593 2920 3759 4748 4953 6632
1133 1323 1627 1818 2466 2661 3042 3306 3702 3714 4190 4686 5714 5879 6135 6467 6682 6756
9 935 1752 1807 1808 2271 2549 2870 3083 3172 3233 3954 4214 4516 4535 4820 5147 5485 5772 5778
37 1029 6182 6461 6788
1195 1385 2232 2743 3123 3325 3955 4370 4605 5496 5570 5851
869 1608 3600 3782 5299 6704
1009 1333 3485 3783 4125 4353 4644 5023 5463 6332 6775
538 1594 3209 4060 4390 4917 5152 6022
1204 1293 3748
2102 2333 2555 2633 3034 3964 4422 4580 4581
1485 3699 3815 4129 4284 4403 6726
788 1007 1383 1999 2159 2301 2487 2488 3499 4038 4763 5527 5806 6508
544 563 669 1037 1783 2009 2489 2490 2491 2677 2700 2930 3154 3203 3228 3433 5732 6032 6317 6342 6516
1564 6338 6339
361 988 1360 3302 3819 4128 4859 5320 5839 6041
1008 2681 2806 4593 4681 4940 5031 6531 6616 6766
1192 1234 1912 2825 2984 3400 6860 6874 6876 6891 6915
207 784 793 1439 2658 3275 4107 4122 5336 5375 5419 5515 5695 5850 5965 5992
330 1719 2022 2098 2461 2590 6626
451 757 1373 1881 1916 2767 4049 5062 6243
2246 2914 3570 3766 4084 4409 4500 4708
442 2337 5169
364 690 997 1158 1287 1601 1905 2212 3438 3740 3865 4171 5052 6518
453 1219 1586 1663 2790 3291 3376 4304 4423 4967 5213 6464 6491 6795
1924 2329 2452 2887 2888 2889 2952 3195 3224 3578 4298 4570 4935 5035 5061 6272
2353 3856 4145 4146 5659
545 1253 2440 2697 2874 3013 3949 4269 4408 4446 4963 5030 5245 6335 6372 6600 6650
842 1368 3017 3383 4233 4532 5027 6011
164 344 695 1100 2575 4340 4402 4747 6398
161 162 366 3294
921 922 2728 5206
1400 1401 1539 1540 1724 1840 1841 2255 2787 3113 4466
78 1374 1375 2136 2137 2559
1665 3663 4414
86 265 388 438 812 1750 2163 2797 3567 4555 4654 5205 5740 5922
3852 3853 4368 5945
2841 5372 6307
73 762 1255 1626 1810 3117 3650 3876 4068 4537
17 18 3246 6859 6887 6888 6896 6897
4544 6021 6501
291 671 693 976 986 1015 1396 1579 1682 1942 2192 2419 2506 2621 2715 3518 3778 4018 4047 4323 4435 4467 5578 5858 6226
310 1105 1444 2517 4525 4526 4527 6231 6232 6401 6402 6403 6535
1232 3456 3761
3047 4834 6568
190 227 295 390 439 531 748 750 797 1328 1741 1866 2629 2737 2823 2886 3139 3187 4057 4123 4215 5237 5335 6285 6305 6389 6472 6627 6744 6757
2500 3680 5048 6735
1982 3723 5172
538 1594 3209 4060 4390 4917 5152 6022
2841 5372 6307
730 2046 3803 5995
153 407 408 726 1014 1647 3136 5897 6740
1876 2754 2905 4066 4111 4635 4666 5697 6482
2879 4427 4633
633 806 1294 1698 1962 3103 3429 4346 5492 6033
718 996 2112 4116
1183 5991 6692
92 861 961 962 1179 1214 1469 1470 1779 2021 2550 3473 3796 4545 4853 5154 5182 5246 6424
161 162 366 3294
833 834 1706 1821 3560 5249
503 838 1910 5728 5911 6671
486 3423 4477 4799 5595 5888 5969
1596 1740 2820 2821 2822 3345 4886 4989 4991 5257 5283 5594 5864
2292 3562 6064 6496
3685 4407 5411
2222 2404 5140
5114 5201 5398
1200 1827 3455 3645 3839 4135 4441 4866 5009 5049 5220 5418 5601 6185 6608
651 1352 1995 2066 5895
1566 2778 4530 5755 6059
3155 3551 3961
656 657 658 659 660 661 662 663 664 665 817 1131 1528 2198 2409 2595 3132 3956 3957 4099 4631 4860 4883 5091 5285 6419
46 1337 2544 3125 3281 3401 3459 3515 3584 3603 3696 3858 4264 4586 6004 6167 6216 6324
15 580 581 697 775 1289 1290 1291 1316 1505 1755 1875 2179 2406 2459 3234 3272 4009 4114 4342 4892 5559 5994 6112 6237 6586 6717
617 1405 1794 2001 2138 2659 3330 3439 3741 3742 3785 3919 4237 4349 5195 6227 6431
86 265 388 438 812 1750 2163 2797 3567 4555 4654 5205 5740 5922
513 2368 2676 4922 5480 6163
3685 4407 5411
1086 1087 1088 1521 1788 1789 2076 2077 2078 4388 4389 4692 4693 4694 4695 4696 4697 4778 4993 4994 4995 4996 5256 5287 5386 6328 6473 6770
1991 2904 3200 3488 4305 4380 4620 4910 5160 5503 6096 6206 6493
2236 4842 5122
1991 2904 3200 3488 4305 4380 4620 4910 5160 5503 6096 6206 6493
1169 2688 3531 3593 3594 4282 4283 4945 4946 5107 5108
2975 2983 6348
3633 3671 5143
1172 1709 2408 2565 2706 2785 3148 3571 3681 3737 3818 4242 5010 5022 5620 5920 6210
2940 3905 4851
866 998 1568 3104 3983 4744 6598
1467 2788 5808
1019 1259 2121 3305 3610 3822 3869 4459 4550 4816 5032 5145 5711 6277 6318 6327 6383 6729
544 2009 2489 2490 2491 2677 2700 3154 3433 6032 6342 6516
718 996 2112 4116
3616 4574 4575 4576 4577 4578 5119 5899 6805
38 182 183 646 707 4162 4871 6447
1121 4909 5215
3852 3853 4368 5945
2940 3905 4851
2693 3755 4541 4933 5214 6558
1021 1968 2174 2175 3541 4094 4539 4978 4979 4980 4981 5662 5985 6036 6925
740 1056 1154 1345 1379 4040 4671 4843
170 241 387 525 895 980 1433 2186 3365 3512 3624 4412 4413 4425 4768 4895 4955 5192 5630 5886 6642 6687 6824 6825
5546 5818 6392
1747 2070 6007
873 1754 4336
636 1886 2451 3049 3089 3324 4101 4428
941 1614 2158 2482 4265 4659 4942 5196 5349 5359 5998
2394 2395 2900 3064 4475 4476 4478 6780
2305 2965 2993 4133 4469 5284
169 327 1411 1510 1512 1909 3477 3478
627 4455 5211
833 834 1706 1821 3560 5249
1702 2782 2826 5164 5625
1425 4025 4350
103 2245 4127
1849 2099 2739 3523 4280 5700
224 467 476 761 1915 1992 6246 6618
83 152 852 853 854 855 856 1683 1904 4856 5429 5832 5869 5934
437 569 647 3763 5216 5217 5218 5906 5907
2319 2599 2918 2928 3350 3425 4140 5833 6534 6852
891 2891 6428 6505
193 1057 1123 1559 1560 1628 1736 2417 3061 3062 3063 3998 3999 4131 4515 5333
699 1409 1694 3292 4180 4623 4624 5542 6295 6631
184 675 924 981 1273 1432 1707 1955 2012 2265 4005 4327 4474 4494 4522 4775 4855 5117 5523 5845
546 749 1282 1363 2147 2154 4050 5293 5653
252 4328 6012 6013
921 922 2728 5206
224 467 476 761 1915 1992 6246 6618
117 130 247 466 841 902 1167 1332 1378 1749 1793 1817 2060 2263 2656 2766 3626 4037 4326 4365 5382 5400 5470 5820 5978 6058 6621
787 1060 1068 1868 2173 2608 5462 5517 5745
9 935 1752 1807 1808 2271 2549 2870 3083 3172 3233 3954 4214 4516 4535 4820 5147 5485 5772 5778
244 684 1277 1593 3687 4772 4803
163 1325 1403 1404 4759 6816
5 473 771 1128 1261 2748 2771 3371 3524 4185 6703 6801 6827 6845 6850 6863
792 1811 3232 5524 6279 6280
552 1139 1535 3084 3500 5159
572 2216 3588
417 3414 5379 5676 6423 6510 6691 6701
994 1927 4807 6162
538 1594 3209 4060 4390 4917 5152 6022
1420 1597 1598 6872 6873 6903 6904 6905
1948 4022 4727 5266 5328 5631 5941 5967 6636 6799
1071 1072 2378 3686 3688 5893 5894
266 303 464 504 1124 1299 1421 2949 6388
2975 2983 6348
536 1876 2754 2905 4066 4111 4635 4666 5697 6482
505 4181 4289 4307 4731 5044 5706
237 769 1055 1743 1928 2303 3386 3572 4071 4072 4073 4178 5230 5248 5674 5901 6634 6635 6838
1834 1836 6813 6814 6832 6846
314 489 571 883 1143 1162 1212 1311 1317 1366 1459 1515 1893 1929 2087 2384 2519 2578 2910 3102 3369 3672 4126 5637 6364 6594 6697 6840
617 1405 1794 2001 2138 2659 3330 3439 3741 3742 3785 3919 4237 4349 5195 6227 6431
768 2231 2813 3121 3732 5015 5065 6050
4549 5104 5321 5562
1145 1878 2867 5417 5789 6030 6273
1195 1385 2232 2743 3123 3325 3955 4370 4605 4745 5496 5570 5851
1413 1414 2924 4297 4891
63 1388 1390 1392 2373 4622 5358
3852 3853 4368 5945
1514 1828 2640 3312 3441 3708 4878 5606 6299
124 221 1584 2420 2668 2696 6800 6809 6821
4938 5236 5295 5337 5639 6001 6713
816 2772 5757 6408
482 645 1648 3057 3197 3826 5286
1320 3501 4079
4753 5561 6084
426 966 3261 6072
235 354 1887 2103 3753 3890 4805 6479 6610 6673
2876 3364 3496 4495 5746 6104
487 543 1188 1391 1761 1843 2298 2336 2392 2577 2622 2702 2753 3284 3659 3845 4330 5115 5569 5643 6055
945 946 1063 1213 1600 2141 2142 2242 2243 3081 3082 3152 6742 6748 6752 6798 6806 6829 6830 6831 6833 6851
2423 2897 3219 3918 4252 4536
402 2123 5783
718 996 2112 4116
1019 1259 2121 2598 3305 3610 3822 3834 3842 3869 3896 4459 4460 4550 4816 5032 5145 5367 5711 6029 6092 6277 6318 6327 6383 6469 6729
1422 1590 1611 1646 1701 1759 1939 2113 2915 3035 3690 3806 4177 4288 5070 6678 6733
111 309 694 937 5269 5587 6695
494 825 2035 2326 3333 4257 5414
3163 5805 6347 6376
12 209 460 1686 2217 2279 3093 3278 3363 3476 4267 5037 5960
1483 2497 2548 2624 4528 4724
10 2472 5150 5151 5525
901 1069 1165 1210 1286 1359 1678 1975 2372 2877 3180 3220 3547 3623 3721 3897 4206 4369 4674 4766 5434 5482 5628
1623 2148 3655 6274
3730 6068 6126
584 1574 1853 2680 3114 4453 5795 6655
478 1347 2682 3977 4841 5733 6758
1458 3609 6474 6648
1168 1461 5450
3852 3853 4368 5945
1544 3002 5555
740 1056 1154 1345 1379 4040 4671 4843
215 216 1226 1227 1228 2694 3319 3469
2 3030 3745 3907 3923 4546
94 1067 2815 3582 4667 5135 5566 5610 6452
465 2052 3994 4226 5028 5029 6130 6131 6132 6133 6134
1849 2099 2739 3523 4280 5700
3861 4169 4491
795 846 1115 1464 2463 2635 2926 3176 3249 3347 4023 4152 4676 6494 6630 6772
2246 2914 3570 3766 4084 4409 4500 4708
729 1781 2531 3556 4411 4710 5564 5640 6184
477 1490 1723 2290 2367 3906 3941 4351 5836 6253 6429
3970 3971 3972 5698
108 517 777 1708 4732 5039 5357 5484 5651 5777
145 264 615 770 1042 1094 1112 1956 2091 2438 2796 2844 3352 3899 4058 4897 5499 5593 6078 6118 6539 6625
102 174 175 176 579 992 1025 1152 1507 1880 2086 2291 2427 2560 2589 2643 2692 2923 3285 3634 4800 5720 6330 6708 6854
258 955 1533 1773 2036 2473 2775 2893 3038 3183 3590 3665 4088 5307 5840 5936 6148 6548
1813 2948 3825 4493 6643 6837
1204 1293 3748
3445 3893 4197 4198 4199 4200 4201
1488 2535 2601 3754 3832 4640
1610 3445 3893 4197 4198 4199 4200 4201
4305 4620 4910 5160 5503 6096
1903 2432 2435 2568
32 287 332 1084 1284 2660 3264 3713 5124 5716
132 393 2985 4027 4962 5760 6137 6649
3852 3853 4368 5945
202 414 917 1264 1429 1588 1726 2127 2469 2842 3029 4142 4782 5020 5505 5690 5793 6094 6152
790 1242 1553 1930 1931 2586 2935 3565 4253 4451 4629 5053 5352 6486
677 1513 2663 3012 5493 5494 5943 6023
1192 1234 1912 2825 2984 3400 6860 6874 6876 6891 6915
42 93 301 814 1520 1612 1731 1760 1917 2221 2323 3492 3497 3563 3614 4361 4823 5558 6709 6761
979 2717 4698 5300
2873 3175 3447 3749 5036 5334
3852 3853 4368 5945
471 4393 4677
229 4377 5497
728 964 1272 1372 1613 1925 2835 2922 3248 3446 3675 3704 3707 3835 4056 4312 4954 6035 6110 6515 6545 6652 6690 6702 6868
202 414 917 1264 1429 1588 1726 2127 2469 2842 3029 4142 4782 5020 5505 5690 5793 6094 6152
1182 1326 1944 2139 2247 4293 4770 4819 4903 5276 5437 5530 5692 5852 5996 6079 6571 6674 6736 6759
842 1368 3017 3383 4233 4532 5027 6011
700 1739 2004 2689 3157 3334 3612 4780 5543 6292 6293 6294 6296 6297
1168 1461 5450
1004 2048 6886 6900 6906 6907
48 622 1669 2792 3911 4213 4417 5919 6208 6434 6781
878 2093 2716 3678 5324 5350 5385 5971
526 594 1027 1189 1874 1935 3901 4857
2209 2951 3764 5440 5729 6203
436 2280 2726 3631 3711 3712 5510 5604 6430
3852 3853 4368 5945
1714 2304 2331 2462 2741 4735 6527 6560
10 2472 5150 5151 5525
2236 4842 5122
60 323 1104 1522 2088 2089 2264 2385 2534 2852 2859 3165 3245 3798 3898 3926 4737 5040 5047 5123 5529 5826 6116 6755
3852 3853 4368 5945
336 410 691 897 1032 1283 1491 1552 1599 2162 3193 3211 3343 3479 3951 5402 5554 5742 5813 5938 6354 6490 6513 6528 6533 6617 6640
756 760 1102 1258 1498 1606 1782 2057 2058 2059 2073 2348 2349 2412 3039 3189 3329 3784 5261 5263 5881 6257 6258 6259 6669 6680
3445 3893 4197 4198 4199 4200 4201
545 1253 2440 2697 2874 3013 3949 4269 4408 4446 4963 5030 5245 6335 6372 6600 6650
527 4462 4463
151 541 1202 1495 1746 2092 2104 2390 2871 3450 3514 3540 4590 4653 4720 4864 4925 6396 6399 6575
425 1054 1344 1958 3143 3144 3426 5442 5443 5444 5445 5446 5447 6019
171 348 1058
381 1377 1641 1994 2205 3867 4161 4501 4865 5184 5475 5696
116 419 706 3134 3288 4300 4783 5311 5312 5313 5314 5401 5403 5770 6188 6189 6190 6191 6341
273 839 1051 1427 2789 3945 4077 4601 4762 6699
119 120 372 373 374 454 2042 6453
2246 2914 3570 3766 4084 4409 4500 4708
4888 5001 5816
360 5395 5483 5736
4121 4159 4448 4482 5981 6015 6304
3445 3893 4197 4198 4199 4200 4201
262 640 2360 3772 5771 6100
60 323 1104 1522 2088 2089 2264 2385 2534 2852 2859 3165 3245 3798 3898 3926 4737 5040 5047 5123 5529 5826 6116 6755
3266 3267 3268 3269 3270 6580 6581
3852 3853 4368 5945
692 828 1932 2510 2571 3204 3728 3962 4295 5302 6200
733 766 798 1288 3075 6857 6862 6869 6871 6882 6883 6899 6902 6910 6913 6917 6921 6922
3266 3267 3268 3269 3270 6580 6581
2729 2906 4149 4150 5516 6171
710 2090 4706
81 1257 1381 1394 5004 5005 6069
1083 1860 5158
292 818 848 1506 1941 2114 2328 2399 2515 2554 2774 3087 3161 3357 3434 3440 3613 3733 3831 4485 4817 5199 5438 5495 5955 5984 6003 6087 6344 6596
428 1281 2833 3471 4519
880 899 1453 3669 3802 3950 6422
253 285 948 1673 1896 2991 3670 4733 5089 5296 5310 5533 5591 5600
12 209 460 1686 2217 2279 3093 3278 3363 3476 4267 5037 5960
1021 1968 2174 2175 3541 4094 4539 4978 4979 4980 4981 5662 5985 6036 6925
850 851 1637 2011 2135 2464 2521 2522 2686 6774 6802 6812 6822 6823 6834 6843 6844
2 3030 3745 3907 3923 4546
440 441 488 747 4270 6387 6457
898 1207 1877 3370 3404 3985 5116 6076
6862 6882 6883 6899 6922
1747 2070 6007
147 1321 1670 2478 2759 3771 4302 4719 4789
324 714 2831 5405 5406 5407 5408 5688 6146 6249 6251
4549 5104 5321 5562
401 1428 1602 1603 4680
480 908 1077 1542 1691 1791 1892 1926 2065 2272 2929 2977 4610 4752 4896 5190 5560 6333 6565
33 1157 1826 2573 2817
111 309 694 937 5269 5587 6695
15 580 581 697 775 1289 1290 1291 1316 1505 1755 3234 3272 4009 4114 4342 5994 6237 6586 6717
172 565 1163 1979 2181 3072 3099 3368 4429 4430 4431 4707 4890
251 2721 3666 3709 4479 4769 5865 6382
574 616 3169 6728
2729 2906 4149 4150 5516 6171
1725 3884 3982 3996 5479
2256 2257 4013 4014 5081 5082
289 595 1680 2129 2794 3208 3775 5233 5488 5677 6413
368 508 509 510 511 512 1895 1898 1899 1900 2200 2204 2718 3198 6714 6715 6811 6815 6817 6818 6819 6820 6847 6848 6849
3266 3267 3268 3269 3270 6580 6581
1889 1997 4141 4266 4410 4906
1415 1416 1417 1418
2693 3755 4541 4933 5214 6558
686 3452 5281 6166
2305 2965 2993 4133 4469 5284
715 973 1517 2100 2921 4898 5309
588 815 2130 2307 2421 3000 3367 4432 4565 4833 5670
21 22 57 112 479 868 1206 1546 1970 1973 2068 2856 2971 3094 4378 4472 4755 4936 6615 6683
444 719 1175 1713 1748 2194 2244 3259 3530 3647 4147 4247 4310 4454 5460 5553 5723 5780 5863 6172 6358 6437 6855
2873 3175 3447 3749 5036 5334
908 1077 1542 1691 1791 1892 1926 2065 2272 2929 2977 4610 4752 4896 5190 5560 6333 6565
501 1460 1996 2146 3789 3866 4668 5344 6407 6639
718 996 2112 4116
218 1943 2513 2528 5819 6489
310 1105 1444 2517 4525 4526 4527 6231 6232 6401 6402 6403 6535
533 1457 2234 3201 3646 3844 4678 5589 6053 6275 6529
1610 3445 3893 4197 4198 4199 4200 4201
699 1409 1694 3292 4180 4623 4624 5542 6295 6631
204 612 889 951 1424 1479 2131 2455 2908 4155 4331 4360 4473 4557 4562 4664 4808 4839 5365 6248 6536
65 3900 4366
139 398 1389 1569 1727 2063 2240 2402 2850 3581 3895 4081 5848 6158 6159 6239 6546
3777 4061 6653
17 18 3246 6859 6887 6888 6896 6897
37 1029 6182 6461 6788
1285 2807 3145 3706 3840 4824 5717 5718 5719
428 1281 2833 3471 4519
989 1091 1511 2530 2811 6784
573 781 1268 1292 1920 2249 2657 3520 3566 3757 4019 4115 4279 5724 6105 6747
879 1279 1830 2685 3505 3621 4433 5794 6466 6764 6765
2109 2801 3927 4157
1030 5241 5585 5887
310 1105 1444 2517 4525 4526 4527 6231 6232 6401 6402 6403 6535
424 739 909 3318 3467 4274 4596 4873 5188 5478 6040 6067 6381
710 2090 4706
918 4078 4130 4899 5200 5489
329 995 2699 2742 3309
792 1811 3232 5524 6279 6280
192 257 830 863 1348 1349 1350 1351 1355 1538 1690 1693 2415 2614 2830 2919 3031 3498 3535 3827 3829 3987 4210 4216 5410 5657 6481
4388 4389 4778 4993 4994 4995 4996 5256 5287 5386 6328
78 1374 1375 2136 2137 2559
481 2457 3555
2841 5372 6307
718 996 2112 4116
1458 3609 6474 6648
901 1069 1165 1210 1286 1359 1678 1975 2372 2877 3180 3220 3547 3623 3721 3897 4206 4369 4674 4766 5434 5482 5628
557 789 1031 1705 2024 2779 2804 3111 3311 4255 4670 5857 5862 6622 6685
4483 5738 6037
2189 5785 6633
718 996 2112 4116
1 535 978 1775 3206 3236 3237 3457 4259 4583 4767 4870 5185 5602 5983 6308 6337 6390
2940 3905 4851
652 724 1097 1357 1398 1410 1500 1897 2202 2207 2228 3202 3223 3394 3395 3604 3605 3747 3807 3981 4598 4669 4977 5289 5583 6375
383 600 696 786 1235 1715 2030 2740 2853 4144 4217 4517 4660 5227 6215
178 188 307 559 668 1111 1541 1710 1983 2819 3601 3689 3731 3885 3934 3937 4055 4362 4612 4908 5500 5684 5787 5856 5973
1720 2038 3491 3598 5304 5635 6593
378 1153 1587 1913 4308 4444 4621 5838
2253 4761 4797 5105
334 459 1300 5765 5925 6298
244 684 1277 1593 3687 4772 4803
2439 2911 3627 3628 5381 5426 5699 6544 6769
985 2533 3814 5103
778 849 3770 4355 4854 4879 4880 5155 6658
477 1490 1723 2290 2367 3906 3941 4351 5836 6253 6429
360 5395 5483 5736
555 1632 2425 2460 4385 4641 5085 5087
3199 5146 6597
2020 2208 2237 5258 5326 6320 6321 6322
1901 3007 3028 4951 5394
2707 2752 3289
116 419 706 3134 3288 4300 4783 5311 5312 5313 5314 5401 5403 5770 6188 6189 6190 6191 6341
526 594 1027 1189 1874 1935 3901 4857
2873 3175 3447 3749 5036 5334
3184 3257 6919
1034 1548 5380
575 576 3765
7 2118 5596 6689
3852 3853 4368 5945
544 2009 2489 2490 2491 2677 2700 3154 3433 6032 6342 6516
326 412 641 1147 1309 1572 1732 1890 2445 2795 2851 3353 3738 4091 4726 4822 4882 5092 5835 5884 6142 6349 6502 6522 6601 6647
117 130 247 466 841 902 1167 1332 1378 1749 1793 1817 2060 2263 2656 2766 3626 4037 4326 4365 5382 5400 5470 5820 5978 6058 6621
731 1035 1666 2246 2914 3570 3766 4084 4409 4500 4708
1415 1416 1417 1418
161 162 366 3294
2500 3680 5048 6735
544 2009 2489 2490 2491 2677 2700 3154 3433 6032 6342 6516
1991 2904 3200 3488 4380 6206 6493
146 404 723 2079 2437 2701 2994 3695 4218 4405 4699 5305 5929 6186 6629
206 1580 2386 4929 5129 5131
255 274 463 1633 1845 2044 2282 3303 3310 3801 4426 4656 5153 5540 5721 5735 5766 6122 6404 6853 6867
1653 1812 2357 2396 2470 2471 2524 2525 2642 3493 3719 4983 5165 5174 5544 6242 6737
1078 2203 2484 4136 4542 5071 5644
556 1934 1953 2966 3297 3507 3752
496 649 2666 3644 4465 5786 5814 5966 6289 6588
822 969 1260 2475 2607 3307 5957 6121
1991 2904 3200 3488 4305 4380 4620 4910 5160 5503 6096 6206 6493
261 1215 2126 4341 4374 5853
527 4462 4463
56 2664 6385
4982 6082 6406
833 834 1706 1821 3560 5249
2975 2983 6348
158 159 1842 5576 5616 6677
2611 4613 4619 5608
718 996 2112 4116
903 5903 6109
792 1811 3232 5332 5524 6279 6280
2873 3175 3447 3749 5036 5334
42 93 301 814 1520 1612 1731 1760 1917 2221 2323 3492 3497 3563 3614 4361 4823 5558 6709 6761
289 595 1680 2129 2794 3208 3775 5233 5488 5677 6413
2751 4134 5077
718 996 2112 4116
186 1803 3416 4552 5203 6025
737 4957 4958
63 1388 1390 1392 2373 4622 5358
537 840 1687 1974 2343 2628 4496 4716 5404 5837
396 484 1452 3449 4228 4810 5136 5137 5361 6091 6378
718 996 2112 4116
2725 5636 5916
945 946 1063 1213 1600 2141 2142 2242 2243 3081 3082 3152 6742 6748 6752 6798 6806 6829 6830 6831 6833 6851
833 834 1706 1821 3560 5249
575 576 3765
1489 2277 2287 6542
386 1254 1304 1718 4645 5318 5980
236 342 844 1676 2010 2260 3276 3451 3585 4725 5409 5424 5776 5944 6442
736 1805 2320 4075 4956 5076 5325 5909 6140 6468 6612
169 327 1411 1510 1512 1909 3477 3478
289 595 1680 2129 2794 3208 3775 5233 5488 5677 6413
1485 3699 3815 4129 4284 4403 6726
293 3331 4243
1079 1225 6080
370 2365 2896 2976 5800 5924
273 839 1051 1427 2789 3945 4077 4601 4762
447 865 1256 1799 2056 2182 2347 2350 2351 2980 3074 3118 3790 3810 3873 4309 4502 4504 5138 5262 5264 5342 5541 5584 6005 6455
1499 3379 3597 6743
1982 3723 5172
71 89 335 1117 1305 1786 1835 1947 2258 2982 3443 4828 6095 6234
471 4393 4677
75 138 1020 1028 1933 2132 2133 2278 2309 2310 2361 2884 3188 3886 4203 4281 4655 4987 5354 5355 5859 5875 5876 5877 5878
2566 2567 2593 2920 3759 4748 4953 6632
979 2717 4698 5300
766 798 3075 6857 6871 6902 6910 6913 6917 6921
1004 2048 6886 6900 6906 6907
283 2556 5033 6645 6771
538 1594 3209 4060 4390 4917 5152 6022
2362 2481 2872 4972 5753
232 263 516 821 928 2711 2901 4480 6031
1472 2839 3799 4208 4625 5265
140 276 900 919 1722 1785 2074 2477 2493 2592 2678 3105 3427 3641 3846 3938 4164 4608 4636 5198 5319 5619 5768 6043 6155 6517 6577
731 1035 1666 2246 2914 3570 3766 4084 4409 4500 4708
2096 5763 6589
1415 1416 1417 1418
655 968 1907 1945 2145 2809 3077 3141 3250 4132 4338 4606 5416 6201 6224 6301 6329 6426 6449 6532 6555 6654 6730
2171 3664 5918
2729 2906 4149 4150 5516 6171
1856 1857 1858 1859 2153 2967 3085
492 3116 3140 5171 5412
2273 2764 2958
609 744 1134 1729 3944 4179
602 2410 2411 6090
157 619 920 1664 2637 2963 3160 3384 3486 4085 4561 4846 6197 6265 6433 6549
881 1201 2429 5512
40 1322 1589 2532 4401
1384 3096 3146 3290
864 1335 2195 3697 5796 6002 6664
566 1420 1597 1598 6693 6872 6873 6903 6904 6905
379 1998 5811
833 834 1706 1821 3560 5249
2201 3642 5539 6306
596 824 1861 2015 2480 2514 3222 3649 3874 4461 4649 5474 5528 5927 5993 6008
319 375 1024 1477 1618 2027 2275 2317 2538 2903 3023 3173 3519 3691 3804 3860 3864 3946 4100 4273 4595 5187 5477 5650 6554 6566 6773
631 938 1016 1399 1949 1950 2165 3044 3045 3046 3323 5229 5341
822 969 1260 2475 2607 3307 5957 6121
3528 4503 4505 4785 4786 4787 4788 4931
49 155 570 785 925 1099 1198 1492 1742 1985 2083 2084 2285 2382 2615 2894 2937 2987 3171 3238 3536 4756 4862 4893 5066 6366 6562
63 1388 1390 1392 2373 4622 5358
2729 2906 4149 4150 5516 6171
37 1029 6182 6461 6788
392 3409 5177 5369 5687 6006
401 1428 1602 1603 4680
158 159 1842 5576 5616 6677
2189 5785 6633
300 2188 2442 4358 4714 6044 6351
933 1114 2017 2026 4053 4439 4904
544 2009 2489 2490 2491 2677 2700 3154 3433 6032 6342 6516
249 2960 2961 3274 4440 4715 4974 4975 4976
850 851 1637 2011 2135 2464 2521 2522 2686 6774 6802 6812 6822 6823 6834 6843 6844
578 708 835 1936 1967 3422 3718 3902 3903 4173 5057 5058 5277 5804 6415
298 333 339 520 592 1369 1436 1536 1839 2296 2606 2749 3011 3153 3332 3673 4002 4434 4449 4456 4600 4827 4877 5179 5545 5762 5764 6470 6543 6804
2527 4415 5120
1 313 535 978 1775 3206 3236 3237 3457 3495 3979 4259 4583 4767 4870 5185 5602 5983 6308 6337 6390
2353 3856 4145 4146 5659
181 367 1156 2848 2892 2895 3405 3482 3549 3620 4103 5109 5712 6561 6578
293 3331 4243
644 799 1275 1407 1408 1751 2576 3635 4831 4916 5157 6024 6465
266 303 464 504 1124 1299 1421 2949 5673 6388 6751
325 1484 1977 2023 2583 2584 2644 2954 3548 4239 4248 4311 4928 4968 5226 5473 6164 6698
879 1279 1830 2685 3505 3621 4433 5794 6466 6764 6765
4982 6082 6406
566 1420 1597 1598 6693 6872 6873 6903 6904 6905
1380 3936 5504
2810 3767 3768 5809
524 1140 1245 1361 1692 1844 2430 2443 2864 3502 3632 3811 4109 4673 5111 5132 5180 5202 5586 6750
1610 3445 3893 4197 4198 4199 4200 4201
4305 4620 4910 5160 5503 6096
437 569 647 3763 5216 5217 5218 5906 5907
1079 1225 6080
597 1493 5490
58 79 371 625 1010 1070 1146 1434 1462 2041 2155 2612 3314 4137 4160 4325 4376 4614 5223 5298 5521 5810 5882 6221 6592
718 996 2112 4116
433 1250 2758 5101 5388 6352
365 1075 1386 1445 1446 1447 1519 2075 2467 3283 3328 3797 3848 3965 4151 4319 5128 5661 6176 6177 6637 6722
644 799 1275 1407 1408 1751 2576 3635 4831 4916 5157 6024 6465
220 1891 2031 2483 5008 5537
440 441 488 747 4270 6387 6457
104 225 1073 1224 1883 2116 3280 3508 3564 4176 4648 5526 5580 5802 6603 6676
2248 2526 2847 3151 5173
1963 3615 5752
945 946 1063 1213 1600 2141 2142 2242 2243 3081 3082 3152 6742 6748 6752 6798 6806 6829 6830 6831 6833 6851
1870 1871 1872 1873 2128 2616
146 404 723 2079 2437 2701 2994 3695 4218 4405 4699 5305 5929 6186 6629
728 964 1272 1372 1613 1925 2835 2922 3248 3446 3675 3704 3707 3835 4056 4312 4954 6035 6110 6515 6545 6652 6690 6702 6868
2371 3358 3828 4529
607 3109 6262
1991 2904 3200 3488 4380 6206 6493
788 1007 1383 1999 2159 2301 2487 2488 3499 4038 4763 5527 5806 6508
4121 4159 4448 4482 5981 6015 6304
1192 1234 1912 2825 2984 3400 6860 6874 6876 6891 6915
2566 2567 2593 2920 3759 4748 4953 6632
2566 2567 2593 2920 3759 4748 4953 6632
544 2009 2489 2490 2491 2677 2700 3154 3433 6032 6342 6516
1764 2019 3561
567 931 1236 1237 1240 2931 3729 3930 5522 6839
555 1632 2425 2460 4385 4641 5085 5087
1762 1990 2061 2941 3758 4035 4092
314 489 571 883 1143 1162 1212 1311 1317 1366 1459 1515 1893 1929 2087 2384 2519 2578 2910 3102 3369 3672 4126 5637 6364 6594 6697 6840
449 542 6478
1991 2904 3200 3488 4380 6206 6493
292 547 818 848 1506 1941 2114 2328 2399 2515 2774 3087 3161 3357 3434 3440 3613 3733 3831 4817 5199 5438 5495 5955 5984 6003 6087 6344 6596
45 376 1679 1763 2424 2495 3922 4182 6326 6785
728 964 1272 1372 1613 1925 2835 2922 3248 3446 3675 3704 3707 3835 4056 4312 4954 6035 6110 6515 6545 6652 6690 6702 6868
1702 2782 2826 5164 5625
272 296 355 685 1184 2632 2883 5330 6066
443 472 2213 2849 2881 3095 4357 5448 6551 6641
3214 3773 4318 4639 5234 6179
95 369 1501 2025 3715 6659
1181 2033 2623 4294 4665 4781 5247 6710
432 745 930 1565 2625 3014 3354 3592 4564 5013 5166 5436 5741 6046 6057 6440 6520 6599 6613 6646 6803
403 1132 1247 1562 2547 2925 3878 3879 4183 4202 4394 4568 4902 5588 5870 6157
351 681 1894
587 632 2325 2784 3720 3883 4442 4617 6278
80 359 418 1001 1048 1194 1423 1527 1790 2313 2684 2834 3190 3372 3458 4082 4148 4261 4571 4573 4806 4836 4868 5232 5548 5821 5825 6129 6209 6264
1400 1401 1539 1540 1724 1840 1841 2255 2787 3113 4466
2149 2176 3407 5100 6323
1193 2854 4779 5861
2305 2965 2993 4133 4469 5284
731 1035 1666 2246 2914 3570 3766 4084 4409 4500 4708
350 3304 4191 5121 5626 6570
169 327 1411 1510 1512 1909 3477 3478
879 1279 1830 2685 3505 3621 4433 5794 6466 6764 6765
718 996 2112 4116
65 3900 4366
302 604 1081 1251 1699 2238 2286 2662 3179 3263 4447 4683 5072 6345 6620
187 455 515 1671 2085 2318 3692 3724 3908 4224 4592 5228 5649 5930 6696 6745 6792
215 216 1226 1227 1228 2694 3319 3469
234 1662 2196 2197 2504 2770 3396 3774 5162 5964 6256
1566 2778 4530 5755 6059
31 268 269 270 271 1496 3262
3231 4510 4511 5923 6266
527 4462 4463
7 2118 5596 6689
1711 2798 6856
1466 2620 6524
2646 2647 2649 2651 2652 3107
1903 2432 2435 2568
485 5084 5675 6144 6288
584 1574 1853 2680 3114 4453 5795 6655
17 18 3246 6859 6887 6888 6896 6897
934 2992 6290
2319 2599 2918 2928 3350 3425 4140 5833 6534 6852
4388 4389 4778 4993 4994 4995 4996 5256 5287 5386 6328
422 680 871 956 1801 3051 3240 4033 4249 4438 4560 4652 5046 5345 5828 5932 5977 6222
3052 3904 4108
1976 5722 5868 5956
710 2090 4706
1643 2389 3308 4272
297 648 1205 1218 1534 1815 1823 1824 2119 2168 2540 2747 3001 3060 3135 3976 4235 4798 5465 6089 6211 6363 6369 6446 6865
1400 1401 1539 1540 1724 1840 1841 2255 2787 3113 4466
803 843 2266 3108 3167 3393 4387 4969 5455 5731 5769 5990
345 540 2268 2405 2730 3942 5469
1747 2070 6007
4982 6082 6406
2707 2752 3289
10 2472 5150 5151 5525
1467 2788 5808
312 701 927 1151 1443 1615 1704 1733 1986 2110 2604 2626 2932 3300 3694 4404 4406 4661 4784 4937 5127 5397 5775 6052 6282 6666
101 1879 2441
1234 1912 2825 2984 3400 6860 6874 6876 6891 6915
587 632 2325 2784 3720 3883 4442 4617 6278
2646 2647 2649 2651 2652 3107
4549 5104 5321 5562
256 755 929 1792 2095 2370 2516 2536 2860 2942 3055 3181 3468 4443 4750 4821 5194 5581 5790 6073 6732
10 2472 5150 5151 5525
3460 4437 5430 5824
833 834 1706 1821 3560 5249
123 502 876 886 1211 2016 2190 2241 2276 2777 2964 3163 3577 3935 4359 4566 4711 4905 4930 4961 5453 5487 5805 6347 6376 6746
0 77 211 213 960 1118 1329 1634 1677 2115 2295 2418 3124 3313 3348 3545 3812 3880 3933 4089 5063 5067 5362 5563 5609 5664
394 395 2512 2996 4384 4445 4513 4682 4990 5043 5751 6198 6503
2 3030 3745 3907 3923 4546
228 743 794 1312 1406 2397 2553 2704 3076 3258 3338 4314 4722 4919 5371 6077 6276 6675
179 462 620 1617 2324 2648 2756 2757 3210 3227 4262 5002 5260 5654 6106 6500 6507
324 714 2831 5405 5406 5407 5408 5688 6146 6249 6251
772 773 774 1263 2537 5951 6405
273 839 1051 1427 2789 3945 4077 4601 4762 6699