60208 67606 67607 67608
47437 50790 50794 58102 58103 58104 58106 58107 59758 59759 59760 62925 62926 66832 66833
11988 15778 21057 24007 41685 41687 41691 41692 41693 41694 41698 41700 41702 41707 41708 41713 41715 41720 47296 52012
59431 59450 59452 59453 59455 64738
49713 49714 49715 49717 53305
13300 13301 19585 27104 59066 68110 68112 68113 68114 68115 68117 68118 68119 68120 68123 68124 68125
14332 27843 50002 51519 55472 55474 55475 55476
2488 2842 2844 3575 3977 3978 3979 3980 3981 3982 3983 3984 3985 3986 3987 3988 3989 3992 5810 41947 41948 68068
33326 69348 69349
10537 54443 57203
17374 17375 17376 17377 17378 17379 17380 17381 17382 17383 17384 17385 17386 17387 17388 17389 17390 17392 17393
68213 68214 68215 68216 68217 68218 68219 68220
12103 51213 69155
22183 24772 40210 40211 47497 47498 55069 56170 58895 58896 58898 58899 58900 58901 58902 58904 58906 58907 58908 58910 58911 58912 58913 58915 58916 58917
62940 62950 62951 62952 62953 62954 62957 62958
52554 52557 52558 52559 52560 52561 52563 52564 52565 52566 52567 52569 52571 52572 52574 52575 52576 52577
63976 63977 63978 63979 63980 63981 63989 63992 63996 63999 64000 64002 64004 64011 64013 64017 64018 64027 64030 64031 64032 64041
51181 61429 61430 61431 61434 61435 61436 61437 61438 61439 61440 61441 61442 61443 61444 61445 61446 61447 61448 61449 61451 61452 61454 61455 64631
66248 66253 66254 66255 66256 66258 66259 66260 66261 66262 66263 66264 66265 66267 66268 66275
14101 35947 37651 62260 66887 66888 66889 66890 66891 66892 66893 66894 66895 66896 66897 66898 66899 66900 66901 66902 66903 66906
60207 61578 64472 64473 64476 64477 64478 64479 64480 64482 64483 64484 64485 64487 64489 64491 64493 64498 64499 64500 64501 64502
30061 41918 57754 57755 65581 65582 65583 65584 65585 65586 65587 65588 65589 65590 65591 65592 65593
58587 58588 58589
27412 52659 66636 66638 66639 66640 66641 66642 66643 66644 66646 66647 66648 66649 66650 66651 66652 66653 66654 66655 66656 66657 66658 66659 66665
4928 4934 5465 7319 7321 7373 7438 7457 7804 7949 7954 8073 8074 8269 8270 8273 8274 8276 8290 8292 8303 8309 8321
58567 58568 58569 58570 58571 58572 58574 58575 58576 58577 58578
66033 66035 66036
48756 57087 57088 61977
42185 64168 64169 64172 64173 64174 64181 64186 64188
39803 69637 69638 69639 69640 69641 69642 69643 69644 69645 69646 69647 69648 69651 69652 69653 69654 69655
30382 53093 55120 65246 65247
59821 59822 59823 59824 59825
65929 65930 65931 65933
65805 65806 65807 65808 65809 65810 65811 65812 65813 65814 65815 65816 65818 65820 65823 65824
68339 68340 68342 68343 68344 68346 68347 68348 68352
27397 36587 54965 54970 63851
60797 60798 65102 65103 65104 65105 65106 65107
16197 16246 16247 16248 16251 16260 24961 27135 39119 44224 47955 47956 47960 47962 47969 57040
48929 48933 48934 48935 48936 48937 48938 48939 48941 48942 48943 48944 48945 48946 50959 50960
54742 57506 57507
54908 68753 68754
41524 67981 67983 67985
60692 60694 60695 60696 60697 60699 65369
66369 66370 66371 66372 66373
61281 61283 61284 61286 61287 61288 61289 61290 61291 61292 61294 61295 61296 61297 61298 61299 61301 61302 61303 61304 67269
22636 29857 29858 37800 37801 57023 57024 57025
53806 53808 53810 53812 64562 64563 64571 64572 64579 64580 64582 64584 64587 64588 64589 64590 64592
45193 45194 53250 53251 53252 53254 53255 65460
37187 49721 49722 51733 51735 51739 51741 51745 51749 51750 63172 63173 63175 63179 63181 63182 63184 63187 63188 63195 63197 63198 63199 63200 63201
48855 59587 63504
10028 32690 32691 42322 42323 45016 45017 45026 45031 45033 45034
49101 49102 49103 49107 49109 49114 49116 49117 49119 49121 49122 49123 49126
47706 47707 69385 69386 69390 69391 69392 69393 69396 69397 69398 69400 69403 69404
55092 67357 67358 67359 67360 67361 67362 67363 67365 67366 67367
29321 29326 36237 36361 37588 43842 46462 48302 48369 48497 48498 48499 48500 48501 48502 48503 48504 48505 48506 48507 48509 48510 53946 54472 55782 55783 55789 55790 55791 55792
17924 24355 38648 42728 42730 42731 42733 44459 46456 48322 48375 48376 48377 48379 48380 48384 48390 48391 48397 48400 48401 48404 48414 48418 48426
64154 64327 64330 64331 64332 64333 64334 64337 64339 64340 64341 64342 64343 64344 64345 64346 64347 64348 64349 64350 64352 64355 64356 64410
68646 68650 68653 68659 68661 68662 68663 68665 68666 68667 68668 68671 68672 68673 68674 68675 68680 68682 68686 68687 68688 68690 68693 68697 68698 68699 68700
62753 62766 62767 62769 62770 62772
24596 31947 50150 51219 54678 54679 54680 54681 54683 55279 55280 55282 55283 55285 55297 55298 55299 55300 55368 60988 60990 61000 61007 61008
12280 12284 12285 12286 12287 12288 12289 12290 12291 12292 39700 39701 39710
68130 68131 68132
40543 40544 40545 40546 40547 66988 66989 66990 66991 66992 66993 66994 66995 66996 66997 66998 66999 67000
3474 3942 4153 5594 5602 5612 5808 5816 5818 5820 26544 26545 26547 26548 26669 26671
58697 65220 65221 65222 65223 65224 65225 65226 65227 65228 65229
24292 24417 24418 24419 24420 24421 24422 24423 24424 24425 24426 24427 24428 24429 24430 24432 24434 24435 24436 64753 64754 64755
3562 3632 3675 3778 4112 4138 4178 5556 5557 5558 5561 5563 5564 5567 5574 5575 5578
45615 69488 69489 69492 69493 69494 69495 69496 69497 69506
28905 28906 69570 69571
25120 25121 25125 25146 25151 25181 25202 25307 25338 25344 25529 25531 25533 25534 25535 25537 25538 25540 25541 25542 25543 25544 25545 25546 69801 69802 69803
61165 61167 61168 61169 61170 61171 61172 61173 61174 61175 61176 61177 61178 61179 61180 61181 61184 61186
56574 64154 64327 64330 64331 64332 64333 64334 64336 64337 64339 64340 64341 64342 64343 64344 64345 64346 64347 64348 64349 64350 64352 64355 64356 64410
49206 68596 68597 68598 68599 68600 68602 68603 68604 68605 68606 68609 68611
55454 68613 68614 68615 68616 68617
45782 45783 45784 45785 45786 45787 45788 54314 54315
64198 64219 64220 64221 64222 64223 64225 64226 64227
67120 67122 67123 67124 67125 67126 67127
46982 55928 55929 55930 57681 59865 59866 59868 63717
26891 54672 54674 54675 54676
6649 30963 42817 42820 46328 58228 58848 58849 58851 58852 58853 58854
51281 67799 67800 67801 67802 67803 67804 67805 67806 67807 67808 67809 67811 67812 67814 67815 67817 67818 67820 67826 67828 67829 67831
51721 69134 69135
18910 54746 66097 66098 66099 66100 66101 66102 66103 66104 66105 66106 66107 66108 66109 66110 66111 66112 66113 66114 66127
50826 50830 50831
45858 45859 69485 69486
51800 62219 62222 62223 62224 62225 62226 62227 62231 62232 62233 62234 62235 62237 65841
63366 63367 63368 63369
40207 54917 54924 54930 54931 54932 54933 54934 54935 54936 54937 54938 54939 54940 54941 54942 54943 54944 54945 54946 54948 54949
41015 41016 41017 41018 41019 41020
51801 66241 66242 66243 66244
23494 59421 59432 59434 59435 59436 59437 59438 59439 59440 59442 59443 59444 59445 59446 59447 59457 59459
65346 65347 65348 65349 65350 65351 65352 65354 65355
60202 60203 60204 67624 67625 67626 67627
18935 18936 19225 19233 19237 19238 19239 19240 19241 19243 19244 19245 19246 19247 19248 19250 19251 19252 19253 19488 19489 19490 19491 19492 19493 19494 19495 63786
67748 67749 67751 67752 67753 67755 67757
66464 66465 66466 66467 66468 66469 66470 66471 66472 66473 66474 66475 66476 66477 66478 66479 66480 66481 66483
18935 18936 19223 19225 19228 19233 19237 19238 19239 19240 19241 19243 19244 19245 19246 19247 19248 19250 19251 19252 19253 19488 19489 19490 19491 19492 19493 19494 19495 63786
24947 69057 69058 69060 69063 69065
43483 69607 69608 69609 69610 69612 69613 69614 69615 69617 69618 69619 69620 69623 69624
23672 25914 48274 53732 58783 58784 58786 58793 58795 58797
39037 39039 44579 51276 69146 69149 69151 69153
43509 48641 55794 57265 57266 57267 57268 57269 57270 57271 57272 57273 57274 57275 57276 57277 57278 57279 57280 57281 57282 57283 57284 57285 57286 57287 57288
48100 48101 48102 48103 48104 48105 48106 49739 63134 63135 63136 63137 63138 63139 63140 63141 63142 63143 63144 63145 63146 63147 66761 66762 66763
40275 41005 53042 53685 53686 63519 65016 65017 65018 65020 65021 65022 65023 65024 65025
66184 66185 66186 66187 66188 66189 66190 66191 66192
68462 68463 68464 68466 68467 68468 68470
25576 25579 25581 25582 25583 25584 25586 25587 25588 25589 25590 25593 25595 25596 25598 65476
14314 35166 50719 57035 63839 65279 65280 65281 65282 65283 65285 65286 65287 65288 65290 65291 65292 65293 65294 65296 65297 65298 65299 65300 65301 65302 65305 65306 65312 65316
923 8506 15768 41429 47458 47460 47461 47463 49512 50911 50912 50913 50914 50915 50916 50917 50918 50919 50920 50922 50923 50929 53520 53521
25944 25945 25946 25947 25948 25950 25951 25953 25954 25955 25956 25957 25958 63920 63921 63922 63923 63924
11211 16045 45610 49786 49787 49788 49789
55119 65245 65248 65249 65252 65253 65254 65255
60434 60449 60450 60451 60452 60453 60454 60455 60456 60457 60458 60459 60460 60461 60462
51705 65847 65848 65849 65850 65851 65853 65854
62393 62399 62400 62401 62403 62404 62405 62406 62407 62408 62409 62410 62411 67041 67042
51343 69340 69342 69343 69345
41305 52916 52917 60317 61190 61191 63399 66618
35306 60524 60526 60527 60529 60531 60532 60535 60536 60537 60538 60539 60540 60541 60542 60560 60562 60567 60568 60570
33710 45305 52359 52360 52361 52362 52363 52364 52365 52366 52367 52368 52369 52370 52371 52372 52373 52375
53155 63404 63406 63407 63408 63409 63410 63413 63415
35576 38896 42723 48811 48812 48813 48814 48815 48816 48819 48820 48821 48823 48825
65113 65114 65118 65120 65121 65122 65123 65124 65125
46995 59885 59886 59887 59888 59889 59890 63717 63718 63719 63720 63721
49757 49762 61756 61761 61762 61763 61764 61765 61766 61767 61768 61769 61770 61771 61772 61773 61774 61775 61776 61777 61778 61779 61780 61781 61782 61783
66296 66297 66298 66299 66300 66304
3330 19068 21868 25555 33614 41238 56908 61132 61135 61136 61137 61138 61140 61141 61142 61143 61144 61145 61146 61147 61148
41957 41958 41959 41960 56304
27412 52659 66636 66637 66638 66639 66640 66641 66642 66643 66644 66645 66646 66647 66648 66649 66650 66651 66652 66653 66654 66655 66656 66657 66658 66659 66665
67643 67644 67645 67646 67647 67648 67649
60330 60331 60332 60333 60334 60335 60336 60337 60338 60339 60340 60341 60342 60343 60345
31206 31570 45202 54567 54568
35835 69681 69683 69684 69685 69686 69687 69688 69689 69690
53310 53311 53312 53323 53324
45740 54719 54720 54721 54724
50460 69185 69186 69187 69188 69189 69190 69191 69192 69193 69194 69195 69196 69198 69199 69200 69201 69202
53817 68492 68493 68494
4752 5906 35409 39282 47685 47946 47991 47994 47995 47996 47997 47998 47999 48000 48001 48002 48011 56177 56197 56199 56201
38352 38354 51342 54634 54635 54637 54638 54641 54642 54643 54646 54648 54651 54656 54663
18126 25778 46452 59591 59592 59593 59594 59595 65576
19361 53882 53885 53888 53892 53893 53894 53895 53897 53898 53901 53902 53911 53914 53917 53920 53922 53927 53929 53932 53933 65934 65935 65936 65937
40339 40340 40341 40342 40344 40345 40347 42965 43206 47464 50910 50918 50924 50927 50929 50937 53528 53530 53535
61538 61539 61540 61541 61542 61543 61545 61547 61548 61549 61550 61551 61552 61553 61554 61555 61556 61559 61560 61561 61562 61564 61568 61570 61574
36155 69634 69635
14832 27334 28476 29353 30141 30409 31345 36202 44515 47266 50704 51711 53634 53635 53637 53639 53640 53641 53642
53347 53348 53349 53350 53351 69010
35331 39056 53957 56737 56754 56755 56756 56757 56758 56760 56761 56762 56763 56764 56765 56766 56767 64315 64316 64317 64319 64320 64321 64322 64323 64324 64325
43692 69658 69659 69660 69662 69664 69667 69668 69669 69670 69671 69672
69181 69182 69183 69184
38700 49642 49643
62814 62815 62818 62819 62820 62821 62822 62823 62825 62826 62827 62828 62829 62830 62831 62833 62834 62835 62837
24610 24711 49096 49113 49128 49129 49131 49134 49135 49136 49137 49138 49139 49140 49214 49216 49219 49221 49222 49223 49224 49225 49226 49231 49232
860 1018 33646 33647 33648 33651 54533 56984 57299 57300 57301 57302 57303 57304 57305 57306 57307 57308 57309 67849
25625 42259 42701 47040 47353 52679 52687 52688 52689 52690 52691 52692 52697 59896 59897 59898 59899 59903 59905 60091 60094 60199
50460 69185 69186 69187 69188 69189 69190 69191 69192 69193 69194 69195 69196 69197 69198 69199 69200 69201 69202
5854 14210 28258 28990 29021 29022 31927 48552 48553 48554 48563 48564 48565 48566 48567 48568 48569 48570 48571 48572 48573 48574 48575 48576 48577 48578 48579 48580 48581 48582
36686 36709 36712 36714 36715 36717 36718 36719 36720 36724 36725 67236 67237
36255 53333 57533 57534 57535 57538
55521 57999 58036 58037 58038 58039 58040 58041 58043 58044 58046 58047 58048 58049 68019
61281 61283 61284 61286 61287 61288 61289 61290 61291 61292 61294 61295 61296 61297 61298 61299 61301 61302 61303 61304 67269
49339 49340 49341 49448 49450 49451 49452 49453 49454 49455 49456 49457 49458 49459 49460 49462 49463 49464 49465 49466 49467 49468 49469 49470 49471 49472 49473 49474 65577
3692 14204 15028 17195 19602 23218 23992 27919 27924 27925 27927 27933 27942 27943 27944 27945 27946 27948 27960 27963 31713 39973 44984 51375
28067 43732 43733 43734 69574 69575 69576 69577 69578 69579 69580 69581 69582 69588 69589 69590 69591 69592
40429 49619 68504 68505 68506 68508 68512 68513 68515 68516 68520 68521 68522 68523 68525 68526 68527 68528 68530 68531
57474 68950 68951 68952 68953 68954 68955 68956 68957
2414 2422 2425 3266 3267 3747 3858 3917 4076 4077 4114 4180 5644 5750 26527 26688 26689 35241 35242 35251
45343 50611 63929 63930 63931 63932 63933 63934 63935 63936 63937 63938 63939 63940 63941 63942 63943 63944 63945 63946 63947 63948 63949
58245 58246 58247 58248 58249 58250 58251 58252 58253 58254 58255 58256 58257 58258 58259 58267
67610 67611 67612 67613 67614 67615 67616 67617 67618 67619 67620 67621 67623
46222 46224 46226 46228 46230 46232 46233 49413 49414 49415 49418 49423 49424 49425 49428 49476 49477 49478 49479 49480 49481 49492 49493 49496
56591 56596 64148 64149 64150 64151 64152 64153 64154 64155 64156 64157 64158 64159 64328 64357 64358 64359 64360 64361 64362 64363 64364 64365 64366 64408
9892 10192 10193 10194 10195 10196 10197 10198 10199 10200 10201 10202 10203 10204 10205 10206 10207 10208 10209 69838
29064 43447 48115 59568 67577 67578 67579 67580 67581 67582 67583 67584 67585 67586 67592 67593
61538 61539 61540 61541 61542 61543 61545 61547 61548 61549 61550 61551 61552 61553 61554 61555 61556 61558 61559 61560 61561 61562 61564 61565 61566 61567 61568 61570 61574
29064 43447 48115 59568 67577 67578 67579 67580 67581 67582 67583 67584 67585 67586 67592 67593 67596
58757 67921 67923 67924 67925 67926 67927 67929 67931 67932 67933 67934 67935
33805 50581 65141 65143 65144 65145 65146 65147 65148 65149 65150 65151 65650 65651 65652 65654
37184 47199 52669 56203 56208 56209 56212 56216 56219 56220 56221 56224 56228 56230 56234 56235 56237 56238 56241 56243 56259 56260 56261 56262 56264 56266 56267 56270 56271 56272
46969 49686 64717
9154 11408 11576 12414 19323 21304 23180 27178 27182 27194 27197 27853 30273 33242 33243 33244 33245 43223 54426 54446
6405 20894 25736 26940 32936 32940 33014 33301 35696 36026 38588 40695 40746 45437 45438 45443 46116 52666 53439 56389 56390 56393
29068 67497 67499 67500 67501 67502 67503 67505 68716 68718
18626 18627 18628 18629 18630 18631 18632 18633 18634 18635 18636 18637 18638 18639 18640 18641 18642 18644 18646 18647 18648 18649 18650 18652 18653
8761 19298 23682 23683 26210 27343 30646 32578 32579 32580 32581 32582 32583 32585 32600 32635 32643 33096 40840 40843 40844 40845 40846 40854 51447 51453
40269 66230 66231 66232 66233 66236
51569 69120 69122 69123 69124 69126 69127 69128
12975 12976 12979 12980 12982 45151 45152 51980 57735 69112 69113 69115 69117
60102 63726 63727 63729
49835 49837 49838 49839 49840 49841 49847 50376 57586 57587 57589 57590 57591 57594 57595 57599 57600 57601 57602 57603 57608 57611
28852 40778 57408 65744 65745
35588 35589 35590 35591 35592 35593 35594 35595 35598 35599 35600 58846
69700 69701 69702
57741 62470 63010 63011 63012 63013 63014 63015 63016 63017 63018 63020 63022
35478 35479 35490 54251 54532 55934 55935 55936 55939 55942 55946 55947 55948 55965
51214 65418 66049
13818 18237 22029 32667 34163 36874 36875 36876 36879 36888 36889 36897 36898 36899 36900 36901 36902 36903 36906 36913 36918 40832
54382 54384 54387 54390 54391 68752
22889 27979 29625 36225 36226 39130 40226 43391 43686 44061 44063 44065 44066 44069 47834 47835 47836 47837 47839 47840 47846
49846 49854 49857 49866 57209 61640 61641 61642 61643 61644 61645 61646 61647 61648 61649 61650 61651 61652 61653 61654 61655
11947 43382 68322
47400 47401 47402 47403 48198 48199 48200 48201 48204 49406 49407
54318 60910 60912 60913
51634 54529 68055 68056 68057 68059 68060 68062 68063 68064 68065
18314 32747 41623 41624 41625 45184 47301 49627 50848 50849 50850 50851 62214 62215
66836 66837 66838 66839 66840 66841 66842 66843 66844 66845 66846 66847 66848 66849 66850 66851 66852 66853
42115 65629 65630 65631 65632 65633 65634 65635 65636 65638
32831 60799 67410 67411 67412 67413 67414 67415 67416
5667 6226 6659 6889 6895 6902 6912 6914 6915 6916 6918 6919 6920 6922 6929 36784 36785 36786
66141 66142 66143 66144 66145
69834 69835 69836 69837
4477 42043 42044 60103 63792
8710 18162 44266 46564 46841 46852 54495 54496 54497 54498 54499 54500 54501 54502 57912 57913 57914 57915 64686 64687
57421 62390 67657 67658 67659 67660 67661 67663 67664 67666 67667 67668 67669 67670 67671 67672 67673 67674 67675 67676 67677 67678 67680 67681 67686 67687 67688 67689 67690 67691
66278 66280 66282 66283 66284 66286 66287 66288 66289 66292
65929 65930 65931 65932 65933
58231 58232 58233
58680 58681 58682 58683 58684 58693 58694 65162 65163 65168 65169 65173 65175 65178 65180 65198 65213
54877 68719 68720 68721 68722 68723 68733
63302 63303 63304
51156 53213 53214 63877
17770 18083 18084 18085 18086 18087 18088 18089 69822
67998 67999 68000 68001 68002 68003 68004 68005 68006 68009
56890 57440 67564 67565 67566 67567 67569 67570 67571 67572 67574 67575
63063 63065 63066 63067 63068 63069 63070 63071 63072 63073 63074 63075 63076 63077 63079
69694 69695 69696
17505 17507 62463
18744 22222 22378 26434 26454 26469 26470 26471 26472 26474 26475 26476 26477 26479 26480 26481 26482 26483 26484 54697 64120 64121 64122 64123 64126 64127 64128 64129
66872 66873 66874 66875 66876 66877 66878
5897 36831 38753 38755 38756 38757 38758
14132 69823 69824 69825 69826 69827
16158 26870 30021 43493 43494 43495 45688 45689 45715 45716 45717 45718 45720 45724 45725 45726 45727 54360 60318 60319 60320 60321 60322 60323 60326 60327 67439 69487
6646 14682 14687 14699 14701 14703 18035 20991 24833 24835 24837 24839 24840 24842 24845 24846 24847 24848 24851
11443 45062 45064 45065 45066 45067 45068 45069 45070 45071 45072 45073 45074 45075 45076 45077 45078 45079 45080 45081 45082 45083 45084 45085 45086
69066 69067 69068 69069 69070 69071 69073 69076 69078
47235 54264 54269 54270
40501 40502 40503 65910 65912 65913 65914 65915 65916 65917 65919
67150 67299 67300
35168 41747 48763 48764 48765
67284 67285 67286 67287 67288 67289 67290 67291
46995 59871 59885 59886 59887 59888 59889 59890 63718 63719 63720 63721 63722
4915 5396 26006 30267 44313 44314 44315 44316 44317 44318 44319 44320 44321 44322 44323 44326 53102 53103 53104 53105 53106 53107 53108 53109 53110 53111 53112 53113 53115 53122
42956 66215 66216 66217 66218 66219
69459 69460 69461
45998 45999 59575 59576 59577 59578 59579 59580 59581 59582 59583 59584 60507 60508 60509 60510 60511 60512 60513
45371 59493 62981 62982 62983 62984 62985 65608
57668 57669 57670 57671 57672 57673 57674 57675 57676 57677 60648
50604 58768 58769 58770 58771 58773
63862 69018 69019 69020 69021 69022 69023 69024 69025 69026 69028 69029 69030 69031
49614 49615 60742 60743 60744 60745 60746 60747 60748 60749 60750 60751 60752 60753 60754 60756 60757 60758 60759 60760 60761 60762
23534 48276 48277 48278 48279
17410 49162 62690 63496 66492 66493 66494 66495 66496 66497 66498 66499 66500 66501 66502 66503 66504 66505 66506 66507 66508 66509 66510 66512 66513 66514 66518 66532
28561 43467 43468 43469 43470 43471 43472 69625
37309 37311 67370
54765 54766 60175 60183 60184 60185 60187 60194
24694 61051 61057 61058 61059 61060 61061 61062 61063 61064 61065 61066 61067 61068 61069 61071 61072 61073 61074
61419 61460 61461 61462 61463 61468 61469 61473 61478 61480 61485 61487 61488 61489 61493 61497 61498 61500 61501 61502 61506
68139 68140 68141 68142 68143 68144 68145 68146
29261 36218 51528
58607 58608 58609 58610 58611 58612 58613 58614 58615 58619 58622 58623 58625 58626
34336 34358 34359 58763 58764 58765
34310 49509 49510 49511
56712 56713 56714 56715 56716 56717 56718 56719 56720 56721 56722 56723 56724 56725 56726 56727 56728 56729 64329 64404 64406 64407
14896 27046 60212 62568 62569
44588 60660 63435 63436 63437 63438 63440 63441 63442 63443
41307 43791 43793 43794 43795 43796 43797 43798 43799 43800 43801 43802 43807 69569
5316 41622 43654 43655 43656 47385 51366 51367 51368 53158 53159 53160 53161 53162 53163 61029 61030 61031
65924 65926 65927 65928
51699 55820 55821 55822 55823 55824 55826 55827 55828 55829 55830 55832 55833 55835 55836 55837 55838 55840 55841 55842 55843 55845 55846
738 11683 43868 51332 52537 52538 53234
51204 58705 58706 58708 58709 58710 58711 58712 58713 58714 58715 58716 58717 58718 58719 58727 58728 58729
62390 67657 67658 67659 67660 67661 67663 67664 67666 67667 67668 67669 67670 67671 67672 67673 67674 67675 67677 67678 67686 67687 67688 67689 67690 67691
27287 27288 27295 27296 46966 46967 46968 50653 50656 50662 50664 50666 50667 50670 50672 50676 50677
57744 57745 57746 57748
28948 61967 61968 61969 61973
50631 51176 51177
5590 5954 6060 6061 6062 6063 69699
65626 65627 65628
36452 50371 50375
51435 63730 63731 63732 64234 64236
50749 66025 66026 66027 66028 66029 66030 66031 66032
12607 14812 16896 21813 23035 24308 37082 46270 57525 58054 58055 58056 58058 58059 60267 60268 60269 60270 65030
57874 57875 57877 57884 57888 57889 57890 57895 57896 57898 57902 57903 57904 61708 61709 61713 61714 61726 61728 61729 61731 61733 61734 61737
61982 61983 61984 61985 61986 61987 61988 61989 61990 61991 61992 66052 66053 66054 66055 66056
36285 59281 59282 59283 59284 59285 59286 59288 59289 59290 59291 59292 59293 59294 59295 59296 59297 59298 59299 59300 59301 67867 67868 67869
45320 49703 49704 49705
68203 68204 68205 68206 68207 68211 68212
60053 60055 60058 60059 60060
52719 52757 52776 52777 52778 52779 52780 52781 52782 52783 52784 52785
26624 64146 66129 66130 66131 66132 66133 66134 66135 66136 66137 66138 66140
5365 7311 7466 7669 7700 7702 7705 7706 7707 7708 7710 7711 7713 7714 7715 7716 7717
36923 53786 53852 53853 62170 62176 62177 62178 62179 62181 62182 62183 62184 62185 66158
52893 52895 52896 52898 52899 52900 52901 52902 52903 52904
37099 42292 42293 42296 42297
69406 69408 69409 69410 69411 69412 69413
60158 63864 63865 63866 63867
56694 56696 56697 56698 56700 56701 56702 56703 56704 56705 56706 56707 56711
66379 66384 66385 66386 66387 66390 66391 66392 66393 66395 66396 66397
30716 30745 30746 30747 30749 30750 30751 30752 30753 30754 30755 69759
18225 21816 57540 57541 57542 57543 57544 57545 57546 59805 59806 67697 67698 67699
34120 34121 34122 34123 34124 34125 34126 34127 45313 61189
51721 69134 69135
40525 44017 44018 49312 54482 65706 65707 65709 65710 65711 65713
20870 50334 50335 51517 64647 64649 64650 64653 64654 64655 64657 64658 64659 64660 64662 64664 64670 64671
69629 69630 69631
47592 47620 47677 51828 51829 51832 51833 51834 51835 51836 51837 51838 51839 56844 56845
62109 62111 62112 62113 62114 62115 62116 62117 64442
65358 66399 66400
69543 69544 69545 69546 69547 69548 69549 69550 69551 69553
69248 69254 69255 69256 69257 69258 69259 69260 69262 69263 69264 69265 69266 69269 69270 69271 69273 69274 69275 69276 69277 69278 69279 69281 69282 69285 69286 69287
23481 54440 54441 66926 66931 66932 66933 66934 66935 66936 66937 66938 66939 66940 66941 66942 66943 66944 66945 66946 66947 66948 66949 66950 66951 66952
44006 45995 68537 68538 68541 68543 68545 68547 68549 68550 68552 68557 68558 68560 68563 68564 68565 68566 68568 68569 68570 68571
59827 59829 59833 59835 59836 59837 59838 59839 59843 59849
56898 56902 56903 56906
4532 4548 4571 23268 45141 48135 48140 48141 48145 48149 48165 48166 48167 48169 48171 48186 48194
50184 62634 62635 62637 62638 62639 62640 62641 62642 62643 62644 62645 62646 62647 62649 62650 62652 62653 62654 62655 62656 62657 62658 62659 62660 62661 62662 62663 62664 62668
27149 34099 58071 59818 59819 59873 59874 59875 59876 59877 59878 59879 59880 59881 59882 59883 59884
45095 45097 45098 45099 45100 45101 45102 45103 45104 45106 45107 45108 45109 45110 45112 45113 45115 45116 45117 45119 45123
47644 63724 67730 67731 67732 67733 67734 67735 67736 67737
130 9888 10149 10151 10152 10153 10158 10160 10161 10162 10163 10164 10165 10166 10167 10168 10170 10173 10175 10180 10181 16085 22667 30188 61861 64193 64194 64228
13482 16829 20774 26936 28984 28985 28986 40781 40782 41296 41907 41908 41909 41910 41911 41912 43400 45735 51755
50022 50023 50024 50026 50031 50032 50033 50034 50035 50037 50038
57120 64760 64761
48708 57917 61824
67860 67861 67862 67863 67864 67866
36487 69717 69718 69719
26406 36117 56952 56953
51525 51526 66319 66320
60516 60517 60518 60519 67399 67400 67401 67403
25058 28543 28545 28546 28547
22784 37128 37129 37133 37134 37135 37136 37137 37138 37141 37142 37144 37148 37149 37151 37153 37154 64883 64884 65753 65754 65756 65757
35194 57324 57325 57327
48051 60816 60825 60827 60828 60831 60835 60836 60837 60840 60842 60843 60846 60849 60859 60862 60866 60881 60893 60895 60904
61241 61256 61257 67270
51281 67799 67800 67801 67803 67804 67805 67806 67807 67808 67809 67811 67812 67814 67815 67817 67818 67820 67822 67826 67827 67828 67829 67831
22348 25556 40899 47504 47505 47775 69368 69369 69370 69371 69372 69373 69374 69376 69377 69378 69379 69380 69381 69382 69383 69384
23695 24160 33742 67001 67002 67003 67005 67006 67007 67008 67009
67223 67224 67225 67226 67227 67228 67229 67230 67231 67232 67233
2079 69840 69841 69842 69843 69844 69845 69848 69849 69858
67507 67508 67509 67510 67511 67515 67516 67522 67524 67525 67526 67527 67529 67530 67531 67538 67539 67542 67548 67549 67551 67553 67555 67557 67558 67560 67562
26293 59600 59601 59602 59603 59604 59605 59606 59607 59609 59610
56998 56999 57000 57001 57002 57003 57004 57005 57006 57007 68280
50484 50547 50550 50551 50552 50554 50555 50560 50561 58526 58531 58538 58539 58541 58542
66620 66621 66622 66623 66624 66625 66626 66627 66628 66629 66630 66631 66632 66633 66634 66635
57776 69594 69595 69596 69597 69598 69600
4616 16415 32802 32804 47361 47430 51870 51872 51879 51882 51883 51884 51885 51886 51887 51888 51889 51890 51891 51892
38915 38916 67076 67077 67079 67082 67085 67086 67087 67088 67090 67091 67092 67093 67094 67095 67097 67098 67099
53677 68958 68960 68961 68962 68963
56959 62283 62285 62287 62288 62289 62290 62291 62292 62293 62294 62295 62296 62297 62298 62299 62300 62301
46612 69448 69449 69450 69451 69452 69453 69454 69455 69456
44741 46970 47011 47012 47013 47015 47016 47018 47019 47020 47021 47022 47028 47035 47533 47537 47538
53739 66757 66758
64112 64113 64114 64115 64117
48972 50582 68800 68801 68802 68803 68804 68805 68806 68808 68809 68810 68812 68814 68815 68816 68818 68820 68821 68822 68825 68828 68829 68830 68831
68624 68625 68626
47411 47412 47413 47414 47415 47417 47418 47419 63639
46631 46663 46687 46688 46689 46690 46691 46692 46693 46694 46695 46696 46697 46698 46699 46700 46701 46702 46703
59892 59894 59895
67373 67374 67375
31928 31932 31933 31934 31935 31936 31937 59908
40408 64704 64706 64707 64708
61099 67294 67295 67297
38428 57443 66779 66780 66781 66782 66783 66784 66785 66786 66787 66789
10288 14283 15923 15943 19411 27714 27717 27718 27720 27724 27725 27726 27729 27737 27738 27739 43834 44409 44412
53279 53280 67419 67420 67421
1409 31829 53186 53211 53212 65570
44187 67132 67133 67134 67135 67136 67137 67138 67139 67140 67141 67142 67143 67144 67145 67146 67147
8738 17000 17003 17004 17183 43023 43024 43025 43026 43027 49692 49695 49696
30812 37567 47930 55011 59910 59912 59913 59914 59915 59916 59917 59919 59921 59923 59925 59926 59927 59929 59930 59931 59932 62072
43568 54737 59094 59097 59100 59101 59102 59104 59107 59111 59112 59122 59123 59128 59130 59131 59132 67871
45156 45157 66325 66326 66327 66328 66329 66330 66332 66333 66334 66335 66336 66337 66338 66340 66341 66342 66343 66344 66345 66346 66347 66348 66349 66350
43452 59753 67766 67767
58222 58224 58225 58227
68295 68297 68298 68299 68301 68303 68305 68307 68308 68309 68310 68312 68313 68315 68316 68319 68320
50112 52770 64543 64544 64545 64547 64548 64549 64550 64551 64552 64554 64560
20717 51324 51325 51602 51603 51604 51605 51606 65432
67458 67465 67466 67467 67468 67469
51338 53601 61267 61269 61270 61271 61272 61273 61274 61275 61277
45410 45412 45413 45414 45415 45418 45421 45422 69338
50963 52018 52019 52020 52021 52023 52024 52025 52027 52029 52030 52031 52033 52035 52040 52041
45252 53847 59962 60927 63252 64237 64238 64239 64240 64242 64243 64244 64248 64249
62736 63799 63800
46963 46964 46965 67742
47713 48973 69297 69298 69299 69300 69301 69302 69305 69306 69307 69309 69311 69312 69313 69314 69315 69316 69318 69319 69320 69321 69322 69323 69324 69326 69327 69328
6606 6658 9978 10224 10228 10230 14769 16748 16749 18977 19809 20663 21154 21155 25932 30265 32928 32930 32934 32939 32950 32953
4340 4360 5520 15697 17481 17500 20108 20429 21363 21365 21366 21367 21368 21371 21374 21375 21399 21400 21401 21403 21404 21405 21414 21415 21418 21424 21425 27570 27571 27582
47127 53225 53227
45844 45845 45846 45847 45848 45849 45850 45851 45852 45853 45854 45855
35807 53215 55976 64286 64288 64290 64291 64295 64297 64299 64308 64310 64312 64314
34376 60352 60354 62620 62621 62623 62624 62625 62626 62627 62629
62459 62460 62461
50905 50907 50908 50909 54958 54959 54960 54961 54962 62631 65832 65833 65834 65836 65837
57946 68020 68021 68022 68023
49751 69810 69811 69812 69813 69814 69815 69816 69817 69818 69819 69820 69821
38586 54699 54700 54702 54703 54704 54708 54709 54713 54716 54717 54718
7053 11321 14290 14454 14474 23812 33898 37250 37485 37491 37492 37493 37494 37502 37970 37973 37974 37979 39798 41953 45468 46161 48674 48678 48735 50042 50044 50046 50050 53495
31796 31800 31801
36201 69602 69603 69604 69606
18556 18700 49285 50963 52018 52019 52020 52021 52022 52023 52024 52025 52026 52027 52029 52030 52031 52033 52035 52036 52037 52038 52040 52041
13170 35926 35927 36011 50085 51978 63355 65674 65675 65676 65677 65678 65679 65680 65681 65682 65684 65685 65686 65688 65689 65690 65691 65692 65693 65694 65696 65698 65699
2653 4035 5234 5417 6461 6496 7340 7358 7882 7926 8203 29135 29136 32992 34177 40389 42714 43068 43070 44491 48958 48959 49290 49293 49294 49295 49296
41476 69676 69677 69678 69679
58881 58890 58891 58892 67911 67912 67913 67914 67916 67918 67919
33815 53877 56989 58085
40193 57158 57160 57161 57162 57163 57165 57166 57167 57170 57172 57174
58858 58860 58862 58863
61833 61834 61836 61838
65480 65481 65482
19355 29757 46418 57183 57184 57185 57186 57187
58567 58568 58569 58570 58571 58572 58573 58574 58576 58577 58578
60053 60055 60056 60058 60059
27504 27506 27522 27524 27526 27531 54003 54028 54030 55124 55125 55129 55130 55131 55132 55141 55143 55144 55149 55153 55158 55159 55160 55161 55249 55250
28663 38298 57050
43969 69554 69555 69556 69557 69558 69559
145 12755 21731 21759 21918 25069 41012 41013 52009 62711 62713 62714 62715 62716 62717 62718 62719 62720 62721 62722 62723 62724
26713 29422 29423 32857 36480 39252 39327 39338 39345 39354 39355 39356 39357 39359 39365 39366 39369 39372 39373 39381 39397 39398 39414 42797 42804
56775 56776 56777 56778 56779 56780 56782 56784 56785 56786 56787 56788 56789 56790 56791 56792 56793 64396 64397 64398 64399 64401 64402 64403
51157 51158 51816 59804 67759 67760 67761 67762
48725 69331 69332 69334
53408 65894 65895 65896 65897 65898 65899 65901 65902 65903 65904 65905 65906 65908 65909
41065 57916 59162 59167 59169 59171 59187 59194 59195 59196 59200 59201 59205 59207 59210 59211 59213 59218 59232 59233
23494 59421 59432 59434 59435 59436 59437 59438 59439 59440 59441 59442 59443 59444 59445 59446 59447
29857 29858 37800 37801 57023 57024 57025
50145 56012 56013 56020
64432 64434 64436 64437 64438 64439
43731 43741 65639 65640 65641 65642 65643 65644 65646
46255 69157 69158 69159 69160 69161 69163 69164 69165 69168 69169 69170 69171 69173 69174
69181 69182 69183 69184
66019 66020 66021 66022 66023 66024
68742 68743 68744 68746 68747 68748
62118 67117 67118 67119
68484 68485 68486 68487 68488 68489 68490
17319 25749 29603 29605 29607 29608 29609 29610 29611 31652 33178 33261 33264 33266 33267 33268 33270 33271 33272 33273 33275 33276 33278 33291 33292 37198 44801 44802 44803
36822 41786 63082 63083 63084
26402 51869 51924
51333 51334 51335 51336 51337 65995
14248 14778 19658 24324 24325 26020 26022 26026 26027 26028 26029 26036 26037 26045 26046 26048 29512 29513 31919 43002 43009 43012 49895
26500 53276 61886 61887 61888 61889 61890 61891 61892 61893 61894 61895 61896 61897 61898
35144 35314 41630 41631 63868 63869 63870 66401 66402 66403 66404 66405 66406 66407 66408 66409 66410 66411 66412
39519 43242 49267 49270 49271 49272 49273 49274 49275 49276 49277 49280 49281 49282
69094 69095 69096 69098 69099 69100 69102
1419 9399 12568 12577 12609 12639 38023 46256 46261 46262 51629 53876 65033 65035 65041 65042 65067 65069 65070 65075 65076 65077 65078 65079 65080 65081
37603 42869 46828 46829 46830 46831 46832 46833 46834 46837 46838 46839 69445 69446 69447
19371 27337 32754 33588 39163 42060 48246 51710 56052 56053 56054 56055
64154 64327 64330 64331 64332 64333 64334 64336 64337 64339 64340 64341 64342 64343 64344 64346 64347 64348 64349 64350 64352 64355 64410
64516 64517 64518 64519 64520 64521 64522 64523 64524 64525 64526 64527 64528 64529 64530 64531 64533 64534 64536 64537 64538
28525 35975 45935 45939 45947 45948 45949 45950 45951 45952 45953 45954 45955 45957 45958 45961 45962 45964 45966 45967 45968 45969 45970 45971 45972 45975 45976 45977 45978
30815 49186 65557 65559 65560 65561 65562 65563 65564 65565 65567 65568 65569
40367 40538 40539 40542 53196 62912 62913 62914 62915 62916 62920 62921 62922 62923
68028 68030 68032 68033 68034 68036 68037 68038 68039 68040 68041 68042 68043 68044 68045 68046 68047 68049 68054
43295 43297 43299 43307 43308 43311 43314 43315 43316 43317 43323 43324 43326 43328 43329 43331 43343 43345 43347 43351 43352 43357 43358 43371 59543
3699 3700 3701 3702 3703
20507 32422 38341 38343 38344 38351 38360 38361 38363
44274 44275 54001 55502 62484 62485 62489 62490 62491 62492 62493 62494 62495 62496 62497 62498 62499 62500 62501 62502 62503 62504 62505 62506 62507 62508 67015
9962 15756 15757 15759 16168 34942 43884 43887 56944 56946 56949 56950 62889 62890 62891 62892 62893 62894 62895 62900 62905
56496 56531 56534 56544 56557 56560 56561 56568 56570 56573 56600 56601 56602 56603 56604 56605 56606 56607 56608 56609 56610 56611 56612
35153 60272 60273 63419 63420 63423
39788 53440 56925 62364
23412 49337 49409
10735 10736 69762
61306 61307 61309 61313 61315 61321 61322 61328 61331 61332 61338 61342 61354 61355 61358 61361 61362 61371 61372 61393 61406 61407 61411 61412 61417 61420 61425
57632 57633 57635 57636 57637
68225 68226 68227 68228 68229 68230 68231 68232 68233 68234 68235 68236
60216 63470 63471
45898 45899 53836 53837
18368 43841 49169 49171 49172 54874 54875 54876
56359 68373 68375 68376 68377 68378
54048 54050 54051 54053 54054 54056 54057 54058 54059 54060 54061 54062 54063 54064 54065 54067 54069 54072 54076 54077 54079 54080 54082 54083 54084 54085 54092 54094
45914 63635 63636 63637 63638 63641 63642 63643 63644 63645 63646 63647
41929 41930 41932 41934 41935 60265
56349 56350 68384 68385 68386
60948 65440 65441 65442 65443 65444 65445 65447 65448 65449 65450 65451 65452 65453 65454 65455 65456 65457
14841 31905 32506 32507 32508 32509 32510 34109 40117 40125 40126 40127 40128 40129 40130 40131 40133 40148 40151 40158 57014
56863 56864 68332
62393 62399 62400 62401 62402 62403 62404 62405 62406 62407 62408 62409 62410 62411 67041 67043
68380 68381 68382 68383
62027 62030 62031 62033 62035 62036 62037 62038 62039 62040 62043 62045 62046 62047 62048 62049 62050 67164
27062 40339 40340 40341 40342 40344 40345 42965 43206 47464 48094 50910 50918 50924 50926 50927 50929 50937 50939 53528 53530 53535
60167 60170 61105 61106 61108 61109 61110 61111 61113
27849 57616 57638 57640 57641 57644 57645 57647 57648 57649 57650 57651 57652 57655 57656 67217
30426 69210 69211 69212 69213 69214 69215 69216
49558 49569 49584 49585 49586 49588 49589 49590 49591 49592 49593 49594 49595 49596 49597 49599 49600 49601 49602
37609 45731 55526 56038 58585 64070 64071 64072 64073 64074 64075 64076 64077 64078 64079 64080 64081 64082 64083 64085 64086 64087 64088 64089 64090 65750
62078 62079 62080 62081 62082 62083 62084 62085 62086 62087 62088 62089 62090 62091 62092 62093
1686 44839 44840 44841 44842 44843 44844
54878 68724 68725 68726 68727 68728 68729 68730
42588 42589 42590 59808 65001 65002 65003 65004 65005 65006 65007 65008 65009 65010 65011
42197 55588 55589 69476 69477 69478 69479 69480 69481 69482 69483 69484
32457 41031 41032 41034 41035 41037 41038 41039 41040 41041 41042 41044 41045
67345 67346 67347 67349 67350 67351 67353 67354 67355 67356
63794 65725 65726 65727 65728 65729 65730 65731
25754 30297 30681 33122 37087 41654 43131 43132 43137 43138 43140 43142 43145 43148 43150 43151 43158 43160 43161 43164 43174
42789 53336 53441 53444 53448 53449 53450 53451 53452 53453 53454 53455 53456 53457 53458 53461 53462 53466 53467 53468 53469 53470 53474 53476
67449 67452 67453 67455 67457
57927 57928 57929 68024 68025 68026
61138 67277 67278 67279 67280
44728 49071 54537 54538 58592 58593 64166
21148 69463 69464 69465
47559 47562 47563 47564 47565 47566 47567 47568 47569 47571 47573 47574 47575 47576 47577 47578 59857
1800 15405 15462 15683 15846 26017 27090 28314 30124 34888 34890 34891 34894 34898 34899 34903 34904 34905 34908 34910 34911 34968 34969 35005 37658 37685 53339 53340 59739 59740
5991 5994 6014 6023 6024 6032 6037 63745 63746 63747 63748 63749 63750 63751 63753 63754 63755 63756 63757 63758 63759 63760 63761 63762 63763 63764 63765 63766 63768 63771
11112 33006 46513 57481 57483 57484 57485 57486 57487 57488 57489 57490 57491 57492 57493 57494 57495 64510
18907 52408 62941 62942 62943 62944 62945 62946 62947 62948 62949
58753 68479 68480 68481 68482 68483
29937 31411 32450 32451 32452 34014 34022 34023 34039 34042 34044 34058 38390 54822 54823 54824 54825 54826 54827 54829 54830 54831 54832
67936 67937 67939 67940 67941 67942 67943 67944 67945 67946 67947 67948 67949 67950 67951 67952
51959 53150 54972 54975
59589 62581 62582 62583 62584 62585 62586 62587 62588 62589 62590 62591 62592 62593 62594 62595 62596 62598
48963 53376 53846 69004 69005
26017 27090 28314 34888 34890 34891 34894 34898 34899 34900 34901 34903 34906 34908 34909 34910 34911 34912 34913 34968 34969 37685 59739
3787 4233 4589 5801 6534 9024 13116 13156 13158 13161 13162 13163 13360 19526 25917 28649 34584 41246 41254 41255 41257 41258 41260 41265 44417 45822
62118 67117 67118 67119
57806 62166 63272 63274 63275 63276 63277 63278 63279 63280 63281 63288 63289 63295 63297 63298 63299 63300 65657 65659 65660 66038 66040 66041 66042 66043 66045
57789 57796 57797 57798 57799 57800 57801
1337 7230 8475 9244 13302 13311 13858 15070 15129 15130 15132 15136 15138 15139 15145 15152 15153 15158 15159 15179 15545 15546 15549 15568 15581 15623 15637 15638 15657 15666
62392 65827 65828
17091 59748 59749 59750
41794 42698 51616 63359
33754 68276 68277 68278 68279
37248 38179 64278 64283
57806 62166 63272 63274 63275 63276 63277 63278 63279 63280 63281 63284 63286 63288 63289 63295 63297 63298 63299 63300 65655 65657 65660 66038 66040 66041 66042 66043
63063 63065 63066 63067 63068 63069 63070 63071 63072 63073 63074 63075 63076 63077 63078 63079
40734 62020 62022 62023
13293 13931 14735 16692 33322 34483 50693 61589 61590 61591 61592 61593 61594 61596 61597 61598 61599 61600 61601 61602 61603 67240 67241
48297 69346 69347
35621 46495 48353 48803 48804
63340 63341 63342
63446 63447 63448 63452 63453 63455 63457
43723 50798 51350 51573 53143 54725 54726 54727
36954 56894 56896
25731 29674 46510 65597 65598 65599 65600 65601 65602 65603 65604 65605 65606 65607
12371 12409 12453 46199 56290 68391 68392 68393 68394 68395 68396 68397 68398 68400 68401 68402 68403 68404 68405 68406 68407 68409 68411 68412 68413 68414 68415 68416
39243 62464 62465
20528 21223 32129 32447 50137 51845 53217 53218 53219 55532 55533 55534 55535 55536 55539 55542 55543 55544 55546 55547 55548 55549 55550 55552 55555 55985
63513 63514 63515 63516
41924 54983 55528 68573 68574 68575 68577 68579
31748 40987 40988
52925 59815 59816 60465 60466 60467
53996 68763 68764 68765 68766 68767 68768 68770 68771 68772 68773 68774 68775 68776 68777 68778 68780 68781 68782 68783 68784 68785 68786 68787 68788
16099 16622 30523 36621 36627 36628 36629 36630 36631 36632 36633 36635 36812 38311 43817 43818 51794
9891 10067 10068 10071 10074 10075 10076 10077 10078 10079 10080 10081 10083 10084 10085 10086 10087 10088 10090 10091 10093 13950 16797 20577 37572 58602 58603 63505 63508
35407 47328 47329 59365
27065 35963 50777 50778 50779 50780 50781 50782
35307 69721 69722 69724 69725
38606 60045 60046 60047 60048 65767
45611 59324 69466
31518 69736 69737 69738 69739 69740 69741 69742 69745 69747 69748 69750 69751 69752 69753
27398 67725 67726 67727
43737 43738 46541 48532 60914 60915 60917 60918 60919 60920 60922 60923 60924 67340 67341 67342 67343
60314 60315 65948
1916 4595 29910 53230 54252 54253 57214 57215 57216 57217 57219 57220 57221 57222 57223 57224 57225 57226 57227 57229 57230 57231 57232 57234
27600 43396 44875 53541 57774 57775 68071 68072 68073 68074 68075 68076 68077 68078 68079 68080 68081 68082 68083 68085 68086 68087 68088 68089
23008 42048 42050
67876 67877 67878 67879 67880
53861 53862 53865 53866 53867 54097 54099 54100 54101 54103 54105 54106 54111 54112 54114 54117 54122 54123 54139 54149 54193
1138 23265 24302 29381 29581 29582 29583 29584 29585 29586 29588 55486
60480 64997 64998 64999
32786 38195 44455 46005 48702 48703 53411 53412 53413
62207 62208 67101 67104 67105 67106 67110
40275 41005 53685 53686 53687 63519 65016 65017 65018 65019 65020 65021 65022 65023 65024 65025
39025 64908 64909 64910 64912 64915 64916 64917 64920 64921 64922
36216 65613 65614 65615 65616 65617 65618 65620 65621 65622 65623 65624
41071 41074 57455 57456 57457 57458 57459 57460 57461 57463 57464 57465 57466 57467 57468 57469 57470 57471 66308 66310 66311
39683 44547 56877 62931 62932 66830
35327 40387 55811 55812 55813 55814 55815 68389
44185 44879 46384 46387 46388 46389 46390 46392 46393 46394 46396 46398 46399 46400 46402 46405
53938 53940 53941 67576
36270 36271 36272 36273 36274 36275 36276 36277 36278 36279 36280 36281 36282 36283 36284 36286 36287 36288 36289 52715 52716 59261 59263 59270 59271 59272 59273 59277
45615 69488 69489 69490 69491 69492 69493 69494 69495 69496 69497 69506
45781 65609 65610 65611
21253 38639 60482 60483 60484 60485 60486 60487 60488 60489 60491 60492 60493 60494 60496 67405
13173 43205 44079 44080 44081 44082 44083 44088 44089 44091 60479 62784 62785 62786 62788 62789 62791 62793 62794 62797 62799 62801
68635 68636 68637 68638 68639 68640 68641 68642 68643
60227 60228 60229 66061 66062 66063 66065 66066 66067
27794 47936 53341 53342 53343 53344 55066 55067 55068 57770 68092 68094 68095 68096 68097 68098 68100 68105 68106
63697 68323 68324 68325 68326
11225 11226 14830 14986 22181 31304 31675 31676 31678 31681 37589 38112 38124 38482 38483 38489 38492 38493 38496 38503 38504 38509 38520 38548 45763
52007 69109 69110 69111
62959 62961 62962 62963 62964 62966 62967 62968 62973 62974
43940 65974 65975 65976 65977 65978 65979 65980 65981 65982 65983 65984 65985
39025 64909 64910 64914 64915 64917 64918 64919 64920 64921 64923
61083 61084 61085 61086 61087 61088 61089 61090 61091 61092 61095
37605 44294 62189 62190 62191 62192 62193 62194 62195 62196 62197 62199 62200 62201 62202 62203 62204 63699 63706
536 537 18755 18756 18757 18758 18760 18761 18762 18765 18766 18767 18768 18769 18771 37617 37622 37623 37630 37640 37642 37646 37662 52063 52064 52065 56384 56385 58839
38 237 238 245 247 248 249 250 340 439 442 445 447 450 473 474 484 509 645 649 9986 9991 9992 9993 9994 9998 43660 43662
31996 32155 32156 32157 32159 32160 32161 55996 64703
60127 67693 67694 67695
45158 45167 69511 69512 69513 69515 69516 69517 69519 69521 69524 69528
43458 50818 50819 66790 66791 66793 66794 66795 66797 66800 66801 66802 66803 66804 66812
52655 61205 64691
49799 49800 49801 49802 49803 49804 49806 49807 49808 49809 49810 49811 49815 49819 49820 49821 49822 49823 49828 49829 49830 49833
44112 49145 49146 49147 49148 49149 49151 49152 49153 64894 64895 64896 64897
67166 67167 67168 67169 67170 67171 67172 67173 67174 67175 67176 67177 67178 67179 67180 67181 67182 67183 67184 67185 67186 67187 67188 67189 67190 67191 67192 67193 67194
64426 64427 64429
2175 2520 2553 2564 2574 4828 7134 9059 9269 9270 9274 9276 9278 9283 9284 9293 9294 9298 9317 9319 9324 9326 9328 9330 13732
37990 66075 66076 66077 66078 66079 66080 66081 66082 66083 66084 66085 66086 66087 66088 66089 66090 66091 66092 66093 66094 66096
43891 48688 54543 54544 54547 54548 54549 54550 54552
58223 62341 62342 62343 62344 62345 62346 62347 62348 62349 62351
43740 47421 63152 63154 63155 63156 63160 63161 63163 65703 65704
46858 60032 60034 60035 60037 60039 60040 60041 63787
9579 9582 9586 9587 9588 9590 23624 33722 37333 37334 37336 37345 37349 37352 37357 37358 37359 37360 37362 37366 37401 37413 37420
47809 47811 47813 53652 53654 53658 53659 53668 62726 64457 64458 64459 64460 64461 64462 64463 64464
55562 68532 68533 68534
56327 58335 58336 58350 58351 58364 58368 58370 58371 58382 58396 58397 58398 58399 58400 58402 58408 58410 58421 58431 58435 58441 58443 58444 58445 58446 58505 58508
14627 69728 69729 69730 69731 69732 69733
47382 65483 65484 65485 65486 65487
15700 34981 40873 43095 43100 43102 43414 48871 48872 48873 48874 48880 48881 48882 48883 48884 48885 48887 48889 48891 48893
2197 4763 23602 30072 41161 41471 49301 52887 52888 53676 57722 57723 57726 57729 57730
56033 56034 56035 56036
35971 57015 66968 66969 66970 66971 66972 66973 66974 66975 66976 66977 66978 66979 66981 66982 66983 66984 66985 66986
9628 30399 31191 39692 40355 49525 49527 49528 49530 51504 51507
59368 67854 67858
50801 50803 50804 50805
18992 26121 26122 29419 35684 42927 47071 47073 47075 47076 51764 51765 51766 51776
11947 43382 68322
55092 60765 67358 67359 67360 67361 67362 67363 67364 67365 67366 67367
50060 50061 50062 50063
19441 39073 44033 44034 44035 44036 44037 44038 44039 44040 44042 51963 51966 51967
27761 54450 61943 61944 61947 61948 61949 61950 61951 61952 61956 61958
62856 66854 66855
51202 59743 59744 59745
62452 62453 62454 62455 62456 62457
30806 38284 38881 53583 53584 53585 53588 53590 53591 53592 53593 53594
61706 67221 67222
68964 68965 68966 68968 68969 68972 68974 68975
52430 57697 57699 57700 57701 57702 57703 57704 57707 57708 57709 57711 57712 57714 57716 57717 63045 63046 63047 63048 63049 63050 63051 63052 63053 63054 63055 63056 63057
12427 28259 37732 37737 37740 37753 37754 37755 66821 66822 66823 66824 66825 66826 69087 69088 69089 69090 69091 69092 69706 69707 69708 69709 69710 69711 69712
43970 51286 52381 54098 54106 54109 54118 54119 54130 54132 54137 54138 54155 54158 54160 54161 54162 54163 54164 54165 54167 54169 54171 54172 54173 54174 54176 54178 54222
14489 22539 41284 42183 42205 42206 42207 42208 42209 42210 42212 42215 42216 42218 42219 42222 42224 42226 42227 42233 42239 44011
56409 56410 56411 56412 56413 56414 56415 56416 56417
54685 54687 54688 54689 60310 60312 60313
51317 51318 51319 51323 69145
34977 34978 35080
19318 26210 45247 45256 45257 45258 45259 45261 45262 45263 45264 45265 45266 45267 51478 51479 51480
25570 48973 69297 69298 69299 69300 69301 69302 69304 69305 69306 69307 69309 69311 69312 69313 69314 69315 69316 69318 69319 69320 69321 69322 69323 69324 69326 69327 69328
55322 55323 55324 55325 55326 55327 55328 55329 55330 55331 55332 55333 55335 55336 55337 55338 55339
66956 66957 66958 66960 66961 66962 66963 66964
1992 4636 6848 10912 13897 16773 16774 22213 22819 22824 22827 22828 22829 22830 22831 22832 22833 22834 26368 28679 28709 28710 28711 28713 28714 39799 42687
44719 64443 64444 64445 64446 64447 64448 64449 64450
58642 58643 58644 58645 58646 58647 58648 58649 58651 58652 58653 58654 58655 58656 58657 58658 58659 58660 58661 58662 58663 58666
50406 50431 50432 50433 50434 50437 50438 50440 50448 50449 50451 50453 50454 50456 50457 50459 63524 69203 69205 69806
48100 48101 48102 48103 48104 48105 48106 49739 63134 63135 63136 63137 63138 63139 63140 63141 63142 63143 63144 63145 63146 63147 66761 66762
50281 54431 54436 55371 55373 55375 55380 55381 55382 55383 55384 55386 55387 55388 55390 55401 55403 55407 55408 55409
56046 62165 64610 64611 64613 64614 64616 64617 64618 64619 64620 64621 64622 64623 64624 64625
5710 5723 5724 5725 5726 5727 5728 5729
36381 45608 57082 68162 68163 68164 68165 68166 68167 68168 68169
64162 64163 64164
37184 47199 52669 56205 56209 56212 56219 56220 56221 56222 56224 56231 56232 56233 56234 56235 56236 56237 56238 56239 56241 56259 56260 56261 56262 56263 56264 56270 56271 56272
49652 49653 49654 49657 49658 49659 49662 49664 49666 49667 49674 49676 49677 49678 49679 49680 49682
5624 29791 47748 47750 47753 47756 52522 52951 52955 52959 52964 53000 53001 53076 53077 53078 53079 53080 53081 53082 55427 57358 57359 57363 64541
38329 38333 38335 38339 38425 44342 44343 44344 44345 44347
69290 69291 69292 69293 69294
44312 46407 46416 46566 51245 51248 51249 51252 59572
38461 57403 62414 62415 62416 62418 62420 62421 62425 62427 62428 62429 62430 62431 62432 62433
34513 63680 63681 63682 63684 63685 63686 63687 63688 63689 63690 63691 63692
10590 12014 15816 15818 18326 24397 30627 36738 36739 36740 36741 36742 36743 36744 36745 36746 36747 36748 36749 36750 36756 36757 45056 51417 67335 67336 67337
66184 66185 66186 66187 66188 66189 66190 66191 66192
67738 67739 67740 67741
13428 16171 16172 16174 16175 16176 16177 16178 16179 30397 30438 30440 30442 30444 53485
43106 56969 60657 60658
61607 61608 61609 61610 61613 61617 61619 61621 61622 61624 61625 61627 61628 61629 61631 61632 61634 61635 61639
35807 46417 53215 53216 55976 64286 64288 64290 64291 64295 64297 64299 64307 64308 64310 64311 64312 64313 64314
40265 45936 45937 45938 51162 51163 58079 58080 58081 58082 58083 58084
65113 65114 65118 65120 65121 65122 65123 65124 65125
65153 65154 65156
993 11473 11515 44196 44201 44202 44203 44205 44206 44207 44210 44213 44214 44216 44217 44219 44220 48905 48915 48919 48923
31928 31932 31933 31934 31935 31936 31937 59908
37184 47199 52669 56205 56209 56212 56219 56220 56221 56222 56224 56232 56233 56234 56235 56237 56238 56241 56259 56260 56261 56264 56270 56272
8941 23912 23913 25894 25899 25900 25901 25902 67986 67987
2309 4078 26554 26649 26650 26651 26652 26653 26654
44281 59471 59473 59474 59475 59476 59477 59478 59479 59480 59481 59482 59483 59484 59485 59486 59487 59488 59489 59490 59491
43852 69560 69561 69562 69563 69564 69565 69566 69567 69568
67450 67458 67459 67460 67461 67462 67463 67464
24413 57342 57343 57344
34186 34189 34190 42983 67377 67379 67380 67381 67382 67383 67384 67385
68130 68131 68132
56044 68472 68473 68474 68475 68477 68478
23962 26574 26577 26578 26580 26581 26582 26583 26584 26585 26586 26587 32867 39504 60134 60137
51181 61429 61430 61431 61432 61434 61435 61436 61439 61440 61441 61442 61443 61444 61445 61446 61447 61448 61449 61451 61452 61453 61454 61455 61456 64631
12608 27789 50577 52871 69038 69039 69040 69043 69044 69045 69046 69047 69048 69049 69050 69051 69053 69055
65000 68628 68629 68630 68631 68632 68633 68634
39473 52636 57766 57767
62352 62353 62354
53950 68875 68876 68877 68878 68879 68880 68882 68883
3521 23669 23740 24140 29940 33438 34229 34475 43534 43535 43545 43546 43547 43548 43549 43554
22954 30936 42128 50156 55477 55478 55479 55480 55481 55482 55483
65989 65990 65991
8804 22038 22852 23315 23316 23371 44617 57551 57552 57553 57554 57555 57557 57558 57560 57569 57570 57571 57572 57573 57574 57575 57576 57578 57579 57580 57581 68133 68134 68135
51255 51256 51257 54814 54815 54816 54817 54819 54820
21580 22653 48521 64097 64098 64099 64100 64101 64103 64105 64106 64108 64111
58281 58282 58284 58286 58288 58290 58291 58292 58293 58294 58296 58297 58298 58299
22301 41081 41082 41086 41088 41089 41090 41091
22760 46463 58052 61994 61995 61997 61998 61999 62000 62001 62002 62003 62004 62005 62006 62007 62008 62009 62010 62011 62013 62014 62015 62016 62018 62019
33710 45305 52359 52360 52361 52362 52363 52364 52365 52366 52367 52368 52369 52370 52371 52372 52373 52375
43989 65230 65231 65232 65233 65234 65235 65236 65237 65238 65239 65240 65241 65242
35846 35847 35849 35850 35851 35852 35853 35854 35855 35856 35857 35858 35859 35860 35861 35862 35863
54366 54367 54368 54369 54370
45245 69507 69508 69509 69510
6972 39662 39665 39666 44242 45803 50340 50342 50343 50345
34264 50326 52004 53845 55771 55772 55774 55775 55777
499 500 596 19357 50369 52473 55888 55889 55891 55892 55893 55894 55895 55896 55897 55898 55899 55900 55902 55903 55904 55905 55906 55907 55909 55910 55911 55912 55913
67388 67389 67390
40266 48838 69329
53879 60587 60588 60589
10866 25635 26387 29742 32486 32487 32488 32489 38713 42847 45137 46471 46475 46477 46479 46480 46481 46485 53355 54258
11346 13543 15991 36981 38777 41465 42253 44632 44649 44650 44692 46272 49750 54753 55849 55850 55851 55863 55864 55865 55866 55867 55868 55869 55870 55871 55873 55874
36991 68387 68388
3527 13633 25682 25870 25871 26595 28700 32524 35143 39607 39638 40080 40301 40309 40311 40314 40323 40674 40677 40680 40684 43880 46283 46951 46952 47272 48960 50006
55995 55996 55997 55998
2870 2885 3006 3071 15253 39453 41558 41559 41560 41561 41562 41563 41565 41567 41569 41570 41572 41574 41575 41576 41578 41579 60235 60236 60237 64984 64985 64986 64987 64990
57617 58109 58110 58111 58113 58114 58115 58116 58117 58118 58119 58120 58121 58122 58123 58125 58126 58127 58128 58130
34515 61818 61819 61821
42951 56927 68327 68328 68329
47397 61901 61902 61903 61904 61905 61906 61907 61908 61909 61911 61912 61913 61914 61915 61916 61918 61919 61920 61921 61922 61923 61924 61925 61927 61928 61929 61934 61937
29484 65720 65721 65722 65724
48207 48208 69353 69354 69355 69356 69357 69358 69359 69360 69361 69362 69363 69365 69367
57411 67305 67306 67309 67311 67315 67318 67320 67321 67322 67323 67324 67325
62986 62987 62988 62989 62990 62991 62992 62993 62994 66317 66318
35907 43231 43232 43233 43234 43235 43236 43237 43238 66152 66154
50086 68849 68850 68852 68853 68854 68855 68856 68857 68858 68859 68860 68862 68863 68864 68865 68866 68867 68868 68872
46164 63882 63883 63884 63885 63886 63888 63889 63890 63892 63893 63894 63895 63896 63898 63899 63900 63903 63904 63905 63906 63907 63908 63909 63910 63912 63913 63914 63915
33522 54771 54772 54773 54774 54780
35350 35360 52582 52583 52584 52585 52586 52587 52588 52589 52590 52591 52592 52593 52594 52595 52597 52598 52599 52600 52601 52602 52603 52619
55809 68497 68498 68499
63464 63465 63466 63467 63468 63469
38428 66780 66783 66785 66786 66787 66789
66563 66565 66566 66567 66568
46006 46007 69468 69469 69470 69471 69472
55340 55341 55342 55343 55344 55345 55346 55347 55348 55349 55350 55351 55352 55353 55354 55356 55357 55358 55359
56511 56613 56615 56616 56617 56618 56620 56621 56622 56623 56624 56625 56626 56627 56628 56629 56630 56631
58061 58062 58063
43286 66000 66001 66002 66003 66004 66005 66006 66007 66008 66009 66010 66011 66012 66013 66014 66015 66017
56730 56732 56736 56738 56740 56743 56745 56746 56747 56748 56750 56751 56769
55808 62748 62749 62750 62753 62755 62756 62757 62758 62759 62764
33764 54854 66313
67962 67964 67965 67969 67976
63472 63473 63474 63478 63479 63480 63482 63486
60245 60246 60247 60248 60249 60250 60251 60252 60253
44549 44550 44551 44552 44553 44554
47780 47781 47786 47787 47788 47789 47791 47792
30560 30561 30562 30563 57947 57948 57949 57950 57951 57952 57953 57955 57956 57957 57958 57959 57960 57961 57962 57963 57964 57965 57968 57969
51259 54278 68833 68834 68835 68836 68837 68838 68839 68840 68841 68842
25091 25092 25095 25096 25097 25099 25100 25102 25103
67111 67113 67114
2511 9564 28007 34674 34692 34698 34699 34704 34705 34713 34721 34729 34733 34752 34755 34758 34763 45009 47939 47941
60604 67273 67274 67275
35874 35986 37854 63651 63652 63653 63654 63656 63658 63659 63660 63661 63663 63664 63665 63667 63673
57200 62873 62874 62875 62876 62877 62878 62879 62880 62881 62882 62884
52638 56096 56097 56098 56102 56106 56107 56108 56109 56110 56111 56112 56113 56114 56115 56116 56117 56118 56119 56120 56121 56122 56124 56125 56126 56127 56128 63733
35094 55024 55025 55026 55028 55029 55030 55031 55034 55037 55038 55039 55040 55042 55043 55044 55045 55047 55048 55049 55050 55051
57827 57830 57831 57832 57837 57841 57842 57843 57845 57846 57850 57852 57855 57858 57860 57861
4074 26495 53145 69177
67651 67652 67653 67654 67655 67656
35807 46417 53215 53216 55976 64286 64290 64291 64295 64297 64299 64306 64307 64308 64310 64311 64312 64313 64314
58245 58247 58248 58249 58250 58251 58252 58253 58254 58255 58256 58257 58258 58259 58261 58263 58265 58267 58269 58270 58273 58278
42203 57311 57312 57313 57314 57316 57317
66221 66222 66224 66225
7203 8659 8682 9459 17169 17593 17678 26249 26251 29727 34365 34539 34540 34541 34545 35629 36146 38061 38218 38222 38229 38231 38235 48288 53682
52658 53971 66358 66360 66361 66362
33711 46121 61187 63265 63266 63267 63268
12311 13814 24743 29866 34633 34634 34635 41301 44427 44438 44440 44457 63307 63309 63310 63312 63315 63316 63322 63330 63336 63337 63338 65714 65716 66742
14132 69823 69824 69826
32741 32742 32743 32744 32745 36778 49990 49991 60584 60585 69011 69013
833 7176 13141 15015 16809 16811 18670 18671 18675 22225 24979 24980 27332 31007 31010 31023 32722 36974 37583 38948 41590 41593 41615 41973 41974 41978
18794 19409 24944 24945 24946 56936 56937 56938 56939 56940 56941
45557 45558 45559 48774 48775 48776 48777 48779 48782 48783 48784 48785 48786 48787 48789 48790 48791 48792
56775 56776 56777 56778 56779 56780 56782 56785 56786 56787 56788 56789 56791 56792 56793 64396 64397 64398 64399 64401 64402 64403
10245 31307 31309 31311 31312 31313 31317 31318 31322 31326 31330 31333 31340 47877 47884 47885 47888 47893 47897 47898 47899 47900 47905 47911 47914 47916
43560 45179 50166 62306 62307 62308 62310 62311 62312 62313 62314 62315 62316 62317 62318 62319 62320 62323 62324 62325 62326 62339
44276 44286 68976 68977 68978 68979 68980 68981 68982 68983 68984 68985
65000 68628 68629 68630 68631 68632 68633 68634
65953 65954 65955 65956 65957 65958
29575 45882 45888 64933 64934 64935 64936 64940 64941 64942
67992 67994 67995
1786 25684 55521 57999 58035 58036 58037 58038 58039 58040 58041 58042 58043 58044 58045 58046 58047 58048 58049
64602 65939 65940 65941 65942 65944 65945 65946
16158 26870 43493 43494 43495 45688 45689 45715 45716 45717 45718 45720 45724 45725 45726 45727 48757 54360 60318 60319 60320 60321 60322 60323 60324 60326 60327 67439 69487
37884 61941 61942
3598 26641 26662 26664 26665 64690
8768 38690 46470 48898 48899 51995 51997 51998 59305 59306
48306 48307 48308 48309 48310 51369 57476 66702 66704 66705 66708 66709 66710 66711 66712 66713 66714 66716 66717 66721 66722 66725 66729
22424 59504 59510 59534 59552 59553 59555 59556 59557 59559
60190 60191 60192 67629 67630 67638
43970 51286 54106 54109 54119 54132 54138 54155 54163 54164 54165 54170 54171 54173 54174 54176 54185
16673 20542 30489 50865 50869 50870 50871 50872 50873 50874 50875 50876 50877 50878 50879 50880 50882 50883 50884 50885 50886 50887 50888 50889
69066 69067 69068 69069 69070 69071 69073 69075 69076 69078
19439 31458 31459 51180 51182 51183 51184 51185 51186 51187 51188 51189 51190 51191 51192 51193 51194 51195 51196 51197 51198 51199 51200 64632
22795 38596 51102 51103 51106 51107 51108 51111 51112 51114 51115 51116 51118 51119 51122
48293 64467 68455 68456 68457
51333 51334 51335 51336 51337 65995
60239 60241 60243 60244
41335 58864 58866 58868 58869 58870 58876 58877 58878 58881 58882 58884 58885 58886 58888
30721 62055 62056 62058 62059 62060 67152 67153 67154 67155 67157
13790 30674 33257 35410 46542 48333 48334 48335 48336 48337 48338 48339 48340 48341 48344
46464 50151 50764 50766 50767 50768 52017 67895
26168 38065 38067 40968 47771 53823 53824 53825 53826
52016 66735 66736 66738
60478 64885 64886 64887 64888 64890
67771 67772 67773 67774 67775 67776 67778 67779 67780 67781 67782 67783
19552 38449 63803 63804 63805 63806 63807 63808 63809 63812 63813 63814 63816 63818 66205 66207 66209 66210 66212
46361 48729 56295 56296 65518 65520 65521 65522 65523 65524 65525 65527 65528 65529 65530 65531 65533 65534 65535 65536 65537 65538 65539 65540 65541 65542 65543 65544 65545
12413 12459 12543 12545 12546 12548 12549 12550 12551 12553 12554 12556 12674 12684 12685 12759 22494 41472 46165 46166 46168 46169 46170
4833 6334 14236 14285 16941 23458 29919 30114 33971 34157 43278 44561 48315 50028 51857 59149 59150 59151 59152 59154 59155 59156 59157 59159
31518 69736 69737 69738 69739 69740 69741 69742 69743 69744 69745 69746 69747 69748 69750 69751 69752 69753
17371 17372 42263 62703 62706 62707 62710
54878 68724 68725 68726 68727 68728 68729 68730
41759 53819 68886 68887 68888 68889 68890 68891 68893 68894 68895 68897 68899 68901 68902 68905
1472 9886 10031 10032 10033 10042 10045 10047 10048 10049 10050 10051 10052 10053 10054 10055 10056 10061 28610 35497 35506 35509 35524 35525 37011
50586 54408 54409 54411 54412 54413 54414 54415 54417 54418 65662 65663 65672
43129 48606 65733 65735
56021 66678 66679 66681 66682 66683 66684 66685 66686 66687 66688 66689 66690 66691 66692 66693 66694
47357 53289 54275 66575 66577 66578 66579 66582 66583 66585 66586 66589 66592 66597 66603 66615 66616
29697 37765 59800 59802 59803 65963 65964 65965
38300 38301 38302 38303 38304 38305 38306 38307
53438 68992 68993 68994 68995 68996 68997 68998 68999 69000 69001 69002 69003
41523 62907 62908 62909
54354 54357 54358 54359 55610 55612 55613
50210 52824 52828 52831 52832 52833 52835 52837 52838 52839 52840 52842 64052 64053 64054 64056 64057
25088 56129 56130 56131 56132 56134 56136 56138 56139 56140 56141 56142 56144 56145 68458
36270 36271 36272 36273 36274 36275 36276 36277 36278 36279 36280 36282 36284 36286 36287 36288 36289 52715 59261 59262 59263 59270 59271 59272 59273 59277
33733 37944 38268 54425 57017 57018 60017 67425 67426 67427 67428 67429 67430 67431 67433 67434 67435 67437 67438
8761 19298 23115 23682 23683 30646 32578 32580 32581 32582 32583 32585 32594 32600 32618 32625 32635 32643 40840 40843 40844 40847 51452 51453
52882 55095 55096 55097 55099 55100
63444 63446 63447 63448 63452 63453 63454 63455 63457
5624 47748 47750 47751 47753 47756 48243 52503 52522 52951 52955 52957 52959 52964 52968 53074 53075 53076 53077 53078 53081 53085 53295 57358 57361 57362 57363
58841 65491 65492 65494 65495
49982 57873 57876 57878 57880 57883 57885 57892 57894 57897 57902 61708 61709 61710 61718 61725 61733 61734 61741 61742
5047 5049 5050 5052 5056 5057 5058 5074 5076 5078 5082 5108 5109 9938 10564 10570 15996 18057 25016 26098 27116 27119 29494 33769 38056 38058 42366 42367 42369
38908 42248 53170 63098 63099 63101 63102 63103 63104 63105 63106 63107 63108 63109 63111 63112 63113 63114 63115 63116 63118 63119 63120 63121 63122 63123 63124 63125 63127
1118 49318 49320 49321 49323 49324 49325 49327 69217 69218 69219 69220
36777 68739 68740
62517 62518 62519 62520 62521
57289 57290 57291
30398 30425 54872 55687 55710 55711 55714 55715 55718 55719 55721 55722 55724 55725 55726 55727 55728 55729 55731 55735 57424 57518 66667 66672 66673 66674
50318 50319 50320 50321 50972 50973 50974 50975 50976 50977 50979 50980 50981 50982 50983 50984 50986 50987 50988 50989 50990 50991 50992 50993 50994 50995 50996 50997 66316
39185 62537 62539 62540 62541 62544 62545 62546 62547 62548 62549 62550 62551 62552 62553 62554 62555 62556 62557 62558 62559 62560 62561 62562 62563 62564 62565 64452 64453 64455
12108 12634 20366 20452 20460 20859 21621 21643 27662 30283 30325 30730 30731 30732 30733 30734 30735 30737 30738 30739 30740 37462 38985 38991
58607 58608 58609 58610 58611 58612 58613 58614 58615 58616 58618 58619 58622 58623 58624
61507 61508 61513 61514 61518 61519 61521 61522 61523 61524 61528 61529 61530 61531 61533 61536
3074 16160 18390 18391 18392 18393 18394 18395
36031 46521 66551 66552 66553 66554 66555 66557 66558 66559
56418 58752 66772 66773 66774 66775 66777
52794 65044 65045 65046 65047 65048 65049 65050 65051 65052 65053 65054 65055 65056 65058 65059 65061 65062 65064
67471 67472 67473 67474 67476
46725 46742 46749 46763 46797 64199 64200 64201 64202 64203 64204 64205 64207 64208 64209 64210 64211
26607 27104 28262 42266 57337 68177 68178 68179 68180 68181 68182 68183 68185 68186 68187 68188 68189 68190 68191 68192 68193 68194 68195 68196 68197 68198 68199 68200
67936 67937 67939 67940 67941 67942 67943 67944 67945 67946 67947 67948 67949 67950 67951
65274 65275 65276
24591 30641 37789 42668 53187 53188 53190 53191 54374 54375 54376 54377 54378
56204 57666 57668 57669 57670 57672 57673 57674 57675 57676 57677 60648
52812 56050 63166
31954 40339 40340 40341 40342 40344 40345 40347 42965 47464 48094 48095 48096 50910 50918 50924 50927 50928 50929 50932 53528 53530 53535
12704 47698 62368 62370 62371 62372 62373 62375 62376 62377 62378 62379 62380 62382 62383 62385
39718 53429 64700
1109 14052 21228 24859 26488 26988 26989 26990 26991 26993 26994 26995 27021 27022 27023 27024 27025 27026 27031 27032 27036 27037 31491
68355 68356 68357 68358 68359 68360 68361 68362 68363 68364 68365 68366 68367 68368 68369 68370 68371 68372
68709 68710 68711 68714 68715
14627 69728 69729 69730 69731 69732 69733
55738 55740 55742 55743 55745 55751 55752 55755 55756 55757 55759 55760 55762 55763 55764 55765
67062 67064 67065 67066
46201 69473 69474
54852 66764 66765
5743 26566 27799 60063 60065 60066 60068 60070 60071 60072
35237 42833 43899 43906 43908 43909 43910 43912 43915 43919 43920 43923 43926 43927 43928 43929 57074 57075 57076 57077 57078 57079 57080 65970
35227 42863 53166 61659 61668 61670 61671 61672 61673 61674 61675 61676 61678 61680 61681 61682 61683 61684 61685 61688 61690 61694 61704 61705
60028 60029 60030
40396 40397 45464 54995 54997 54999 55000
18531 18872 18873 18874 18875 18876 18877 18878 18879 18880 18881 18882 18883 18884 18885 18886 18887 18888 18889 18890 18891 65891 65892
45731 54294 64066 64067 64068 64069 66148
61026 61216 61217 61218 61222 61223 61225 61226 61227 61228 61229 61230 61231 61232 61233 61234 61235 61236 61237 61238 61240 61258
65361 65365 65366
69441 69442 69443 69444
47551 55084 66363 66365 66367
26124 51796 58761 58762
69066 69067 69068 69069 69070 69071 69073 69075 69076
50564 50568 50570 50572 50573 50574 50575
10482 11775 36647 36650 36652 36653 36654 36655 36656 36657 36658 36659 36660 36662 36664
53745 53748 53749 53751 53752 53753 53754 53756 53757 53758 68738
15049 35547 37277 37278 39008 39842 41458 41989 45555 50843 53613 53614 53615
5700 35237 40199 42833 43899 43908 43913 43914 43915 43921 43923 43924 43926 43928 43929 43931 43932 43933 43938 43939 57073 57074 57076 57077
14809 36121 36123 45273 46133 53763 53765 53766
67068 67069 67070
6080 6121 6123 6124 6126 6128 6129 6130 6131 6132 6135 6136 6138 6140 6141 6142 6143 6144 6145 27387 38625 38641 38646
65783 65784 65785 65786 65787 65788 65789 65790 65791 65792 65793 65794 65795 65796 65797 65798 65799 65800 65802 65803 65804
69829 69830 69831 69832 69833
5325 17250 59615 59616 59617 59618 59620 59621 59622 59623 59624 59625 59626 59627 59628 59629 59630 59631 59632 59633 59634 59635 59636 59692 59704 59709 59710
56031 61993 67165
60767 60768 60770 60771 60772 60773 60774 60776 60777 60778 60779 60780 60781 60782 60783 60784 60785 60786 60787 60788 60791 60792
56291 68417 68418 68419 68423 68426 68427 68428 68429 68430 68431 68433 68434 68436 68452 68453
9483 9684 9685 9687 9688 9689 9691 9694 9695 9696 9697 9698 9699 9713 9744 27998 28000 29699 34465 39884
31116 31117 45891 45892 68238 68239 68240 68241 68242 68243 68244 68245 68246 68247
4795 13629 14081 31346 32983 33639 41178 48621 48622 48623 48624 50304 53994
7770 8043 8047 29860 30653 41991 41992 41993 41994 41995 41997 41998 41999 42001 46538 47346 47347 47348 47350 51125 51127 65743
16243 22693 23161 23202 26487 33337 33338 33340 33341 33343 33352 33359 33363 35035 35037 35038 35039 35040 35041 35042 35045 35046 35054 35056 35066 35067
57619 57620 57621 57622 57623 57624 57625 57626 57627 57628 57629 57630 57642
56712 56714 56717 56718 56719 56720 56721 56722 56723 56725 56726 64329 64404 64406
62997 62998 62999 63000 63001 63002 63003 63005 63006
33764 54854 66313
67790 67791 67792 67793 67794 67795 67796 67797 67798
33229 33230 54307 54308 57142 57143 57144 57145 57146 57149
67508 67509 67512 67514 67515 67517 67519 67520 67523 67531 67534 67541 67545 67549 67557 67560 67561 67563
69458 69459 69460 69461
53408 65894 65895 65898 65899 65901 65903 65906 65908 65909
68724 68725 68726 68727 68729 68730
27087 56971 68282 68283 68284 68285 68286 68287 68288 68289 68290 68291 68292 68293
68339 68340 68342 68343 68344 68346 68347 68348
30144 53235 55115 65243 65259 65260 65261 65262 65265 65267 65268
15405 15683 20490 26017 28314 34890 34891 34894 34898 34899 34900 34901 34903 34904 34905 34906 34908 34909 34910 34911 34912 34913 34968 35005 37658 37685 59739
64384 64385 64386 64387 64388 64389 64393
28575 39560 41007 46012 55795 57339 57340 57341 59375
25700 25701 25702 25703 25705 69797 69798 69799 69800
65012 65013 65014 65015
60614 60615 60616 60617 60618 60619 60620 60621 60622 60623 60624 60625 60626 60627 60628 60629 60630 60631 60632 60633 60634 60635
3799 12972 17153 17155 17157 37078 41480 41497 41498 41499 41500 41501 41502 41503 41504 41505 41506 41507 41508 41509 41510 41511 41512 41513 41514 41515 41516 41517 69673 69675
69415 69425 69427 69428 69429 69430 69431 69432 69433 69437 69438
32738 32739 38400 38401 52637 56099 56100 56101 56103 56104 63734 63736 63737 63738 63739
52430 57697 57698 57699 57700 57701 57702 57703 57704 57707 57708 57709 57711 57712 57714 57716 57717 63045 63046 63047 63049 63050 63051 63052 63054 63055 63056 63057
17028 54880 54881 54882 54884 54885 54886 54887 54890 54894 54897
61285 61293 61300 67246 67247 67248 67249 67250 67251 67252 67253 67254 67255 67256 67257 67258 67259 67260 67261 67262 67263 67264 67265 67266 67267 67268
37760 65579 65580
40231 51790 57783 65496 65497 65498 65499 65500 65501 65502 65503 65504 65505 65506 65508 65509 65510 65511 65512 65513
51582 69136 69137 69138 69140 69141 69143 69144
62730 62731 62732
43857 52641 52642 52643 52644 52645 52646 52647 52648 52649 52650 52651 52653
58088 58089 58090 58093 58094 58095
47715 56292 68438 68440 68441 68442 68444 68446 68447 68450 68451
69035 69036 69037
35984 51940 59496 59498 59499 59500 59501 59502 59506 59508 59512 59513 59514 59516 59518 59520 59521 59522 59524 59525 59526 59529 59530 59532 59533 59538 59541 59545
67477 67479 67480 67481 67482 67484 67485 67486 67487 67489 67490 67491 67493 67494 67495
62940 62950 62951 62952 62953 62954 62957 62958
55587 66858 66859 66860 66861 66862 66863 66864 66865 66866 66867 66869 66870 66871
47335 68911 68912 68914 68915 68917 68918 68923 68925 68931 68932 68934 68935 68936 68937 68938 68940 68941 68942 68943 68944
16285 24486 26898 31767 35992 35993 35994 35995 35996 35997 35998 35999 36000 36001 36002 36003 36004 36106
8675 8900 14921 24513 38140 38141 38142 38143 38145 38147 38148 38150 38151 38152 49955 49956 49957 49958 49959 49961 49962 49963 49964 49967
68011 68012 68013 68015 68016 68017
28048 29643 29644 29645 29646 29647 29648 29649
57529 57530 65370 65381 65382 65384 65386 65387 65388 65389 65393 65394 65395 65396 65398 65399 65400
56003 56014 56015 56016 56017 56018 56019
65986 65987 65988
58935 58940 58958 58981 58987 58988 58989 58990 58991 58992 58993 58994 58995 58996 58997 58998 58999 59000 59001 59002 59003 59004 59005 59006 59007 59008 59009 59060 59061
51909 51910 51911 51913 51914 51915 51916 51917
41000 54733 54734
65084 65085 65086 65087 65088 65089 65090 65091 65092 65093 65095
47712 60727 60728 60729 60730 60731 60732 60733 60734 60735 60736 60737 60738 60739 60740
44876 69529 69531 69532 69533 69534 69535 69536 69537 69539 69540 69542
34951 55308 55309 55310 55311 55312 55313 55314 55315 55316 55318 55320 55321
43419 57345 57346 64271 64272 64273
69764 69765 69766 69768 69770 69772 69773 69774 69775 69776 69777 69779 69780 69781 69782 69783 69784 69785 69787 69788 69789 69790 69791 69792 69793 69794 69795 69796
53598 54879 68251 68252 68254 68255 68256 68257 68258 68259 68261 68262 68265 68268 68269 68270 68271 68272 68273 68274
27507 27543 50899 65317 65318 65319 65321 65323 65324 65327 65330 65333 65335 65337 65338 65340 65341 65343 65345
62209 62211 62212
11238 30818 44094 44150 44151 44153 44154 44155 44156 44157 44158 44159 44162 44163 44165 44166 44169 44173 44174 44175 44176
12927 12928 53262
64219 64220 64221 64222 64223 64226 64227
69066 69067 69068 69069 69070 69071 69073 69075 69076 69078
69222 69223 69224 69225 69226 69227 69228 69229 69230 69231 69232 69233 69234 69235 69236 69237 69241 69242 69243 69244 69246 69247 69248 69250
23067 28894 44885 44888 44894 44895 44896 44897 44900 44901 44902 44903 44904 44905 44907 44908 44909 44912 44916 44939 44940 44947 48648
60259 60260 60261 60262
22586 24067 26399 42129 42130 42131 42132 42133 42134 42135 42136 42137 42150
35025 64511 64513
41744 59367 61576 64721 64722 64723 64724 64725 64726 64728 64729 64730 64731
51802 69129 69130 69131 69132 69133
60019 67700 67701 67702 67703 67704 67705 67706 67707 67709 67710 67711 67712 67714 67716 67717 67718 67720 67721 67723
69834 69835 69837
52656 63375 63376 63377 63378 63379 63380 63381 63382 63383 63384
15467 15486 21099 30295 30390 30569 33207 34839 34840 34976 35004 35009 35010 35013 35014 35015 42905 42911
16243 22693 23161 23202 26487 33337 33341 33343 33346 33352 33363 35034 35037 35039 35041 35044 35046 35054 35067 47366
12017 12476 17286 20605 21828 27479 30359 33364 33374 33376 33390 33391 33393 33394 33395 33396 33397 33398 33399 33402 33416 33427 33430 33431 33464 33466 33470 33472 33521
53130 53359 69007 69008
16903 16905 19401 30223 30224 30225 30226 30227 30228 30229 30230 30231 30233 30252 30261 41537 42491 42524 42525 42526 42527 42528 42529 42530 42531 42532 42533 46883 46904
4974 7186 8744 10800 10801 10805 10806 10807 10808 10812 10814 10823 10825 10827 10832 10838 13851 25816 26727 34143 34144 34590 43690 45585
5426 28588 37316 43197 43521 44467 44468 44469 56074 56086 56981
31983 32136 32139 37262 37264 37266 37268 37269 37270 37272 37273
67024 67025 67027 67028 67029 67030 67031 67032 67033 67034 67035 67036 67037 67038 67039 67040
57009 64412 64414 64415 64416 64417 64418 64419 64424 64425
57151 57152 67128 67129
19873 19874 19875 31838 31858 31859 31869 32711 45349 45350 45352 45354 45359 45360 45361 45362 45363 45364 45395
65769 65770 65771 65772 65773 67282
35111 53362 56365 56366 56369 56370 56371 56372 56373 56374 56375 56376 56377 56378 60597 60598 60599 60600 60601 60602 60603 61959 61960 61962 61964 61965
21668 51854 51855 57410 68150 68151 68152 68153 68154 68155 68156 68157 68159 68160 68161
49980 52808 53544 53545 53546 53547 53549 53550 53551 53553 54591 54592 54598 54599 54603 54604
17007 17015 64841 64844 64845 64846 64847 64848 64849 64850
54323 54325 54328 54329 54330 54331 54332 54333 68756 68757 68758 68760
35153 49702 60272 60273 63419 63420 63421 63422 63423 63424
57619 57620 57621 57622 57623 57624 57625 57626 57627 57628 57629 57630 57642
60291 60292 60295 60296 60298 60299 60300 60302 60303 60304 62119 62120 62125 62127 62128 62129 62131 62134 62145
52935 52936 52937 52938 52939 52940 62684 66884
48767 56420 56421
60019 67700 67701 67702 67703 67704 67705 67706 67707 67709 67710 67711 67712 67714 67715 67716 67717 67718 67719 67720 67721 67723
17136 57197 61126 65415 65416
18941 19174 19497 19498 32049 32147 32427 32430 32431 32433 32434 32435 32436 32437 32438 32439 32440 32441
18654 48856 66744 66745 66746 66747 66748 66749 66750 66751 66752 66754 66755 66756
33522 54771 54773 54774 54780
53538 53539 53540 68986 68987 68988
44611 59359 61789 61790 61792 61794 61795 61796 61797 61798 61799 61801 61804 61805 61807 61808 61809 61810 61811 61812
64763 64764 64765 64766 64767 64768 64769 64770 64772 64773 64774 64775 64776 64778 64779 64781 64782 64783 64785 64788 64790 64794 64807 64813
59585 67840 67841 67842
40215 69697 69698
54580 56049 56924 60142 60144 60145 60146 60147 60149 60150
57617 58109 58110 58111 58113 58114 58115 58116 58117 58118 58119 58120 58121 58122 58123 58125 58126 58127 58130
33764 54854 66313
51730 58923 67897 67898 67899 67901 67902 67903 67904 67905 67906 67909